<?xml version="1.0" encoding="utf-8"?>
<COLLADA xmlns="http://www.collada.org/2005/11/COLLADASchema" version="1.4.1">
  <asset><contributor><author>Mixamo</author><authoring_tool>COLLADA Mixamo exporter</authoring_tool><comments></comments></contributor><created>2021-04-18T12:15:09Z</created><modified>2021-04-18T12:15:09Z</modified><revision></revision><title></title><unit meter="0.010000"/><up_axis>Y_UP</up_axis></asset>
  <library_animations>
    <animation id="mixamorig_Hips-anim" name="mixamorig_Hips"><source id="mixamorig_Hips-Matrix-animation-input"><float_array id="mixamorig_Hips-Matrix-animation-input-array" count="73">

0.000000 0.033333 0.066667 0.100000 0.133333 0.166667 0.200000 0.233333 0.266667 0.300000 0.333333 0.366667 0.400000 0.433333 0.466667 0.500000
0.533333 0.566667 0.600000 0.633333 0.666667 0.700000 0.733333 0.766667 0.800000 0.833333 0.866667 0.900000 0.933333 0.966667 1.000000 1.033333
1.066667 1.100000 1.133333 1.166667 1.200000 1.233333 1.266667 1.300000 1.333333 1.366667 1.400000 1.433333 1.466667 1.500000 1.533333 1.566667
1.600000 1.633333 1.666667 1.700000 1.733333 1.766667 1.800000 1.833333 1.866667 1.900000 1.933333 1.966667 2.000000 2.033333 2.066667 2.100000
2.133333 2.166667 2.200000 2.233333 2.266667 2.300000 2.333333 2.366667 2.400000</float_array><technique_common><accessor source="#mixamorig_Hips-Matrix-animation-input-array" count="73"><param name="TIME" type="float"/></accessor></technique_common></source><source id="mixamorig_Hips-Matrix-animation-output-transform"><float_array id="mixamorig_Hips-Matrix-animation-output-transform-array" count="1168">

0.993110 0.053806 -0.104105 0.597156 -0.052793 0.998528 0.012464 103.229485 0.104622 -0.006882 0.994488 -6.574388 0.000000 0.000000 0.000000 1.000000
0.993146 0.053071 -0.104134 0.621605 -0.052142 0.998572 0.011626 103.127998 0.104602 -0.006117 0.994495 -6.578034 0.000000 0.000000 0.000000 1.000000
0.993412 0.052466 -0.101881 0.702311 -0.051754 0.998614 0.009624 103.046600 0.102245 -0.004287 0.994750 -6.558994 0.000000 0.000000 0.000000 1.000000
0.994004 0.052301 -0.096029 0.794803 -0.052040 0.998631 0.005223 102.922348 0.096171 -0.000194 0.995365 -6.385372 0.000000 0.000000 0.000000 1.000000
0.994909 0.052384 -0.086098 0.919289 -0.052716 0.998608 -0.001585 102.760918 0.085896 0.006115 0.996285 -6.171228 0.000000 0.000000 0.000000 1.000000
0.996036 0.051483 -0.072532 1.077364 -0.052332 0.998581 -0.009854 102.579384 0.071921 0.013610 0.997317 -5.897269 0.000000 0.000000 0.000000 1.000000
0.997236 0.048595 -0.056200 1.272022 -0.049754 0.998573 -0.019410 102.404846 0.055177 0.022153 0.998231 -5.540116 0.000000 0.000000 0.000000 1.000000
0.998375 0.043300 -0.037050 1.667835 -0.044489 0.998500 -0.031906 102.249420 0.035613 0.033502 0.998804 -5.078268 0.000000 0.000000 0.000000 1.000000
0.999280 0.035576 -0.013204 2.267799 -0.036190 0.998115 -0.049571 102.114647 0.011415 0.050013 0.998683 -4.511161 0.000000 0.000000 0.000000 1.000000
0.999485 0.025797 0.019066 2.966175 -0.024333 0.997005 -0.073415 102.005325 -0.020903 0.072913 0.997119 -3.858970 0.000000 0.000000 0.000000 1.000000
0.997798 0.015746 0.064426 3.632652 -0.009118 0.994751 -0.101918 101.912788 -0.065693 0.101106 0.992704 -3.119894 0.000000 0.000000 0.000000 1.000000
0.992174 0.009923 0.124465 4.162073 0.006415 0.991469 -0.130186 101.784424 -0.124695 0.129965 0.983646 -2.223733 0.000000 0.000000 0.000000 1.000000
0.981197 0.012676 0.192590 4.318557 0.017249 0.988089 -0.152912 100.595451 -0.192234 0.153358 0.969292 -1.158532 0.000000 0.000000 0.000000 1.000000
0.967399 0.016198 0.252737 4.229527 0.028356 0.984749 -0.171652 97.897758 -0.251663 0.173223 0.952187 -0.150419 0.000000 0.000000 0.000000 1.000000
0.955869 0.007185 0.293705 4.081431 0.052711 0.979285 -0.195508 94.179962 -0.289025 0.202361 0.935689 0.373991 0.000000 0.000000 0.000000 1.000000
0.947703 -0.003012 0.319138 3.844783 0.081830 0.968821 -0.233857 89.944321 -0.308484 0.247742 0.918402 0.195636 0.000000 0.000000 0.000000 1.000000
0.939833 0.000486 0.341635 3.249996 0.106331 0.949914 -0.293865 85.932487 -0.324666 0.312510 0.892709 -0.631079 0.000000 0.000000 0.000000 1.000000
0.929481 0.022566 0.368180 2.359987 0.124908 0.919905 -0.371715 82.672005 -0.347079 0.391491 0.852215 -1.752050 0.000000 0.000000 0.000000 1.000000
0.919035 0.047988 0.391245 1.292134 0.151110 0.873839 -0.462138 79.813461 -0.364062 0.483841 0.795837 -3.176563 0.000000 0.000000 0.000000 1.000000
0.909632 0.057839 0.411368 0.180743 0.199425 0.807889 -0.554567 77.780350 -0.364415 0.586489 0.723348 -4.835745 0.000000 0.000000 0.000000 1.000000
0.896659 0.061981 0.438361 -1.189354 0.260332 0.727059 -0.635305 76.297661 -0.358091 0.683772 0.635788 -6.236773 0.000000 0.000000 0.000000 1.000000
0.874565 0.075926 0.478928 -3.204882 0.324905 0.641422 -0.694993 75.081680 -0.359962 0.763422 0.536296 -6.450629 0.000000 0.000000 0.000000 1.000000
0.851137 0.113000 0.512637 -5.693229 0.371444 0.560415 -0.740246 74.194611 -0.370937 0.820467 0.435016 -5.295944 0.000000 0.000000 0.000000 1.000000
0.828935 0.172673 0.532025 -8.606639 0.389740 0.503949 -0.770804 73.622833 -0.401211 0.846298 0.350443 -3.323314 0.000000 0.000000 0.000000 1.000000
0.806227 0.245631 0.538203 -11.948408 0.377113 0.487572 -0.787438 73.485085 -0.455832 0.837818 0.300463 -1.248234 0.000000 0.000000 0.000000 1.000000
0.783933 0.320111 0.531956 -15.673185 0.338204 0.498347 -0.798291 74.286621 -0.520641 0.805716 0.282408 0.799429 0.000000 0.000000 0.000000 1.000000
0.758826 0.385399 0.525024 -19.745703 0.297415 0.512114 -0.805781 76.043503 -0.579420 0.767598 0.273982 2.810672 0.000000 0.000000 0.000000 1.000000
0.730964 0.435346 0.525515 -23.955505 0.272465 0.519852 -0.809640 78.414635 -0.625663 0.735002 0.261377 4.520485 0.000000 0.000000 0.000000 1.000000
0.701061 0.468578 0.537539 -28.023937 0.260048 0.533902 -0.804564 80.729614 -0.663994 0.703835 0.252445 5.900111 0.000000 0.000000 0.000000 1.000000
0.665401 0.485332 0.567181 -31.674301 0.256324 0.565056 -0.784226 82.513252 -0.701099 0.667207 0.251586 7.181860 0.000000 0.000000 0.000000 1.000000
0.621991 0.488859 0.611673 -34.698952 0.256705 0.610689 -0.749107 83.621254 -0.739750 0.622957 0.254351 8.525110 0.000000 0.000000 0.000000 1.000000
0.571145 0.479260 0.666411 -37.063618 0.259339 0.664915 -0.700450 84.235306 -0.778805 0.572885 0.255472 9.903225 0.000000 0.000000 0.000000 1.000000
0.512829 0.455615 0.727614 -38.873409 0.262795 0.723550 -0.638290 84.682098 -0.817279 0.518547 0.251324 11.157278 0.000000 0.000000 0.000000 1.000000
0.439976 0.420084 0.793694 -40.290298 0.269813 0.781160 -0.563018 85.407486 -0.856518 0.461863 0.230348 12.190521 0.000000 0.000000 0.000000 1.000000
0.345277 0.374710 0.860451 -41.486439 0.278515 0.834621 -0.475223 86.663010 -0.896221 0.403732 0.183813 12.894243 0.000000 0.000000 0.000000 1.000000
0.231141 0.325985 0.916683 -42.567879 0.276123 0.881476 -0.383089 88.306793 -0.932915 0.341665 0.113733 13.377877 0.000000 0.000000 0.000000 1.000000
0.098675 0.282602 0.954148 -43.476917 0.261863 0.917661 -0.298876 90.175385 -0.960048 0.279347 0.016547 13.652384 0.000000 0.000000 0.000000 1.000000
-0.048350 0.250360 0.966945 -44.427982 0.247894 0.940796 -0.231194 92.077545 -0.967580 0.228522 -0.107550 13.638952 0.000000 0.000000 0.000000 1.000000
-0.192273 0.234434 0.952928 -45.909691 0.238913 0.953012 -0.186249 93.670700 -0.951815 0.191856 -0.239248 13.180550 0.000000 0.000000 0.000000 1.000000
-0.318185 0.231560 0.919314 -48.228188 0.230568 0.959497 -0.161879 94.541824 -0.919563 0.160457 -0.358688 12.259905 0.000000 0.000000 0.000000 1.000000
-0.429662 0.229857 0.873245 -51.220192 0.222722 0.964158 -0.144202 94.624527 -0.875092 0.132533 -0.465456 11.014507 0.000000 0.000000 0.000000 1.000000
-0.533418 0.220664 0.816562 -54.529133 0.216321 0.968857 -0.120508 94.398422 -0.817723 0.112358 -0.564539 10.555989 0.000000 0.000000 0.000000 1.000000
-0.622177 0.204367 0.755731 -57.882668 0.204773 0.974202 -0.094861 94.480522 -0.755621 0.095733 -0.647975 10.127820 0.000000 0.000000 0.000000 1.000000
-0.683708 0.189699 0.704668 -61.122040 0.190043 0.978588 -0.079050 95.111328 -0.704576 0.079870 -0.705120 9.777246 0.000000 0.000000 0.000000 1.000000
-0.718164 0.178379 0.672623 -64.048553 0.176328 0.981689 -0.072076 96.238686 -0.673164 0.066840 -0.736467 9.361259 0.000000 0.000000 0.000000 1.000000
-0.737672 0.161154 0.655644 -66.548515 0.160685 0.985098 -0.061343 97.576370 -0.655759 0.060101 -0.752574 8.923709 0.000000 0.000000 0.000000 1.000000
-0.753075 0.130979 0.644765 -68.472145 0.138907 0.989546 -0.038778 98.899147 -0.643104 0.060359 -0.763396 8.477005 0.000000 0.000000 0.000000 1.000000
-0.767930 0.089955 0.634186 -70.164192 0.110093 0.993892 -0.007666 100.112778 -0.631002 0.063932 -0.773143 8.021359 0.000000 0.000000 0.000000 1.000000
-0.779268 0.052052 0.624526 -71.667595 0.084157 0.996210 0.021979 101.116547 -0.621015 0.069686 -0.780695 7.552536 0.000000 0.000000 0.000000 1.000000
-0.783611 0.028766 0.620585 -72.999962 0.069214 0.996751 0.041194 101.875221 -0.617384 0.075233 -0.783056 7.097419 0.000000 0.000000 0.000000 1.000000
-0.780427 0.022378 0.624846 -73.995071 0.066411 0.996673 0.047252 102.389908 -0.621710 0.078373 -0.779317 6.786513 0.000000 0.000000 0.000000 1.000000
-0.772849 0.023968 0.634137 -74.646584 0.069399 0.996485 0.046916 102.660294 -0.630783 0.080268 -0.771796 6.525559 0.000000 0.000000 0.000000 1.000000
-0.761743 0.025453 0.647379 -74.980087 0.073387 0.996187 0.047185 102.817787 -0.643709 0.083452 -0.760706 6.304982 0.000000 0.000000 0.000000 1.000000
-0.750325 0.023441 0.660653 -74.930931 0.073022 0.996194 0.047587 102.944107 -0.657024 0.083948 -0.749181 6.133615 0.000000 0.000000 0.000000 1.000000
-0.740250 0.021702 0.671982 -74.861542 0.072743 0.996197 0.047961 103.037132 -0.668385 0.084385 -0.739013 6.009013 0.000000 0.000000 0.000000 1.000000
-0.733929 0.020335 0.678922 -74.773827 0.072435 0.996195 0.048466 103.099945 -0.675353 0.084748 -0.732609 5.935356 0.000000 0.000000 0.000000 1.000000
-0.731497 0.019195 0.681575 -74.678772 0.071975 0.996193 0.049190 103.120903 -0.678036 0.085039 -0.730093 5.972704 0.000000 0.000000 0.000000 1.000000
-0.730043 0.018102 0.683162 -74.578918 0.071472 0.996190 0.049980 103.130638 -0.679654 0.085314 -0.728555 6.043971 0.000000 0.000000 0.000000 1.000000
-0.729373 0.017052 0.683904 -74.476776 0.070941 0.996185 0.050819 103.131645 -0.680429 0.085582 -0.727800 6.140810 0.000000 0.000000 0.000000 1.000000
-0.729288 0.016038 0.684019 -74.374939 0.070389 0.996179 0.051691 103.126442 -0.680577 0.085845 -0.727630 6.254859 0.000000 0.000000 0.000000 1.000000
-0.729588 0.015053 0.683721 -74.275986 0.069828 0.996172 0.052581 103.117432 -0.680313 0.086105 -0.727846 6.377767 0.000000 0.000000 0.000000 1.000000
-0.730072 0.014091 0.683225 -74.182495 0.069266 0.996164 0.053471 103.107208 -0.679851 0.086362 -0.728248 6.501161 0.000000 0.000000 0.000000 1.000000
-0.730538 0.013147 0.682746 -74.097046 0.068717 0.996155 0.054346 103.098297 -0.679406 0.086618 -0.728632 6.616667 0.000000 0.000000 0.000000 1.000000
-0.730785 0.012215 0.682498 -74.022202 0.068194 0.996144 0.055190 103.093254 -0.679192 0.086874 -0.728801 6.715898 0.000000 0.000000 0.000000 1.000000
-0.730789 0.011334 0.682510 -73.973915 0.067724 0.996133 0.055972 103.094772 -0.679236 0.087126 -0.728730 6.783389 0.000000 0.000000 0.000000 1.000000
-0.730838 0.010504 0.682470 -73.963142 0.067286 0.996120 0.056722 103.093430 -0.679227 0.087375 -0.728709 6.810181 0.000000 0.000000 0.000000 1.000000
-0.730890 0.009684 0.682426 -73.983673 0.066853 0.996107 0.057466 103.091850 -0.679213 0.087623 -0.728692 6.823154 0.000000 0.000000 0.000000 1.000000
-0.730944 0.008866 0.682380 -74.011467 0.066419 0.996093 0.058205 103.090248 -0.679198 0.087868 -0.728677 6.825872 0.000000 0.000000 0.000000 1.000000
-0.730996 0.008047 0.682334 -74.023224 0.065982 0.996078 0.058942 103.088837 -0.679184 0.088108 -0.728660 6.821891 0.000000 0.000000 0.000000 1.000000
-0.731048 0.007225 0.682288 -74.024361 0.065542 0.996064 0.059678 103.087532 -0.679171 0.088346 -0.728644 6.814121 0.000000 0.000000 0.000000 1.000000
-0.731098 0.006402 0.682242 -74.020172 0.065100 0.996048 0.060416 103.086288 -0.679159 0.088584 -0.728626 6.805472 0.000000 0.000000 0.000000 1.000000
-0.731148 0.005578 0.682196 -74.015991 0.064660 0.996032 0.061155 103.085030 -0.679148 0.088824 -0.728607 6.798847 0.000000 0.000000 0.000000 1.000000
-0.731196 0.004754 0.682151 -74.017265 0.064222 0.996014 0.061898 103.083679 -0.679138 0.089069 -0.728587 6.797161 0.000000 0.000000 0.000000 1.000000</float_array><technique_common><accessor source="#mixamorig_Hips-Matrix-animation-output-transform-array" count="73" stride="16"><param type="float4x4"/></accessor></technique_common></source><source id="mixamorig_Hips-Interpolations"><Name_array id="mixamorig_Hips-Interpolations-array" count="73">
 LINEAR LINEAR LINEAR LINEAR LINEAR LINEAR LINEAR LINEAR LINEAR LINEAR LINEAR
LINEAR LINEAR LINEAR LINEAR LINEAR LINEAR LINEAR LINEAR LINEAR LINEAR LINEAR LINEAR
LINEAR LINEAR LINEAR LINEAR LINEAR LINEAR LINEAR LINEAR LINEAR LINEAR LINEAR LINEAR
LINEAR LINEAR LINEAR LINEAR LINEAR LINEAR LINEAR LINEAR LINEAR LINEAR LINEAR LINEAR
LINEAR LINEAR LINEAR LINEAR LINEAR LINEAR LINEAR LINEAR LINEAR LINEAR LINEAR LINEAR
LINEAR LINEAR LINEAR LINEAR LINEAR LINEAR LINEAR LINEAR LINEAR LINEAR LINEAR LINEAR
LINEAR LINEAR</Name_array><technique_common><accessor source="#mixamorig_Hips-Interpolations-array" count="73"><param type="name"/></accessor></technique_common></source><sampler id="mixamorig_Hips-Matrix-animation-transform"><input semantic="INPUT" source="#mixamorig_Hips-Matrix-animation-input"/><input semantic="OUTPUT" source="#mixamorig_Hips-Matrix-animation-output-transform"/><input semantic="INTERPOLATION" source="#mixamorig_Hips-Interpolations"/></sampler><channel source="#mixamorig_Hips-Matrix-animation-transform" target="mixamorig_Hips/matrix"/></animation>
    <animation id="mixamorig_Spine-anim" name="mixamorig_Spine"><source id="mixamorig_Spine-Matrix-animation-input"><float_array id="mixamorig_Spine-Matrix-animation-input-array" count="73">

0.000000 0.033333 0.066667 0.100000 0.133333 0.166667 0.200000 0.233333 0.266667 0.300000 0.333333 0.366667 0.400000 0.433333 0.466667 0.500000
0.533333 0.566667 0.600000 0.633333 0.666667 0.700000 0.733333 0.766667 0.800000 0.833333 0.866667 0.900000 0.933333 0.966667 1.000000 1.033333
1.066667 1.100000 1.133333 1.166667 1.200000 1.233333 1.266667 1.300000 1.333333 1.366667 1.400000 1.433333 1.466667 1.500000 1.533333 1.566667
1.600000 1.633333 1.666667 1.700000 1.733333 1.766667 1.800000 1.833333 1.866667 1.900000 1.933333 1.966667 2.000000 2.033333 2.066667 2.100000
2.133333 2.166667 2.200000 2.233333 2.266667 2.300000 2.333333 2.366667 2.400000</float_array><technique_common><accessor source="#mixamorig_Spine-Matrix-animation-input-array" count="73"><param name="TIME" type="float"/></accessor></technique_common></source><source id="mixamorig_Spine-Matrix-animation-output-transform"><float_array id="mixamorig_Spine-Matrix-animation-output-transform-array" count="1168">

0.999751 -0.018127 0.012991 0.000000 0.018391 0.999620 -0.020541 10.181600 -0.012614 0.020774 0.999705 0.131500 0.000000 0.000000 0.000000 1.000000
0.999753 -0.018046 0.012984 0.000000 0.018312 0.999619 -0.020648 10.181600 -0.012606 0.020880 0.999703 0.131500 0.000000 0.000000 0.000000 1.000000
0.999763 -0.017813 0.012536 0.000000 0.018069 0.999625 -0.020583 10.181600 -0.012164 0.020805 0.999710 0.131500 0.000000 0.000000 0.000000 1.000000
0.999776 -0.017715 0.011578 -0.000000 0.017946 0.999636 -0.020164 10.181600 -0.011217 0.020367 0.999730 0.131500 0.000000 0.000000 0.000000 1.000000
0.999786 -0.017852 0.010446 0.000000 0.018052 0.999648 -0.019425 10.181600 -0.010095 0.019610 0.999757 0.131500 0.000000 0.000000 0.000000 1.000000
0.999794 -0.017781 0.009770 0.000000 0.017960 0.999667 -0.018534 10.181600 -0.009437 0.018706 0.999780 0.131500 0.000000 0.000000 0.000000 1.000000
0.999807 -0.016867 0.010100 0.000000 0.017043 0.999701 -0.017549 10.181600 -0.009801 0.017718 0.999795 0.131500 0.000000 0.000000 0.000000 1.000000
0.999821 -0.014859 0.011715 0.000000 0.015051 0.999751 -0.016468 10.181600 -0.011467 0.016642 0.999796 0.131500 0.000000 0.000000 0.000000 1.000000
0.999828 -0.011521 0.014551 0.000000 0.011745 0.999813 -0.015372 10.181600 -0.014372 0.015541 0.999776 0.131500 0.000000 0.000000 0.000000 1.000000
0.999807 -0.006458 0.018527 -0.000000 0.006723 0.999876 -0.014251 10.181600 -0.018433 0.014373 0.999727 0.131500 0.000000 0.000000 0.000000 1.000000
0.999723 0.000553 0.023527 -0.000000 -0.000235 0.999909 -0.013503 10.181600 -0.023532 0.013494 0.999632 0.131500 0.000000 0.000000 0.000000 1.000000
0.999544 0.008148 0.029061 0.000000 -0.007698 0.999849 -0.015568 10.181600 -0.029184 0.015337 0.999456 0.131500 0.000000 0.000000 0.000000 1.000000
0.999334 0.013364 0.033949 0.000000 -0.012524 0.999613 -0.024831 10.181600 -0.034268 0.024390 0.999115 0.131500 0.000000 0.000000 0.000000 1.000000
0.999191 0.015703 0.037032 0.000000 -0.014092 0.998959 -0.043383 10.181600 -0.037675 0.042826 0.998372 0.131500 0.000000 0.000000 0.000000 1.000000
0.999147 0.019029 0.036649 -0.000000 -0.016525 0.997586 -0.067449 10.181600 -0.037844 0.066786 0.997049 0.131500 0.000000 0.000000 0.000000 1.000000
0.999187 0.023495 0.032749 0.000000 -0.020469 0.995744 -0.089860 10.181600 -0.034720 0.089116 0.995416 0.131500 0.000000 0.000000 0.000000 1.000000
0.999277 0.025983 0.027740 0.000000 -0.022814 0.993782 -0.108984 10.181600 -0.030400 0.108272 0.993656 0.131500 0.000000 0.000000 0.000000 1.000000
0.999446 0.021209 0.025642 0.000000 -0.017698 0.991336 -0.130152 10.181600 -0.028180 0.129626 0.991162 0.131500 0.000000 0.000000 0.000000 1.000000
0.999562 0.012913 0.026618 0.000000 -0.008626 0.987833 -0.155280 10.181600 -0.028299 0.154982 0.987512 0.131500 0.000000 0.000000 0.000000 1.000000
0.999663 0.006606 0.025114 0.000000 -0.002013 0.983907 -0.178668 10.181600 -0.025890 0.178557 0.983589 0.131500 0.000000 0.000000 0.000000 1.000000
0.999813 0.001443 0.019274 0.000000 0.002381 0.980418 -0.196912 10.181600 -0.019181 0.196921 0.980232 0.131500 0.000000 0.000000 0.000000 1.000000
0.999956 -0.003637 0.008610 0.000000 0.005357 0.977888 -0.209060 10.181600 -0.007659 0.209097 0.977865 0.131500 0.000000 0.000000 0.000000 1.000000
0.999964 -0.008490 -0.000374 0.000000 0.008209 0.976425 -0.215701 10.181600 0.002197 0.215691 0.976459 0.131500 0.000000 0.000000 0.000000 1.000000
0.999907 -0.012339 -0.005757 0.000000 0.010766 0.975318 -0.220544 10.181600 0.008336 0.220461 0.975360 0.131500 0.000000 0.000000 0.000000 1.000000
0.999872 -0.013268 -0.008930 -0.000000 0.010909 0.974105 -0.225832 10.181600 0.011695 0.225706 0.974125 0.131500 0.000000 0.000000 0.000000 1.000000
0.999906 -0.010545 -0.008723 -0.000000 0.008255 0.973130 -0.230107 10.181600 0.010915 0.230013 0.973126 0.131500 0.000000 0.000000 0.000000 1.000000
0.999970 -0.006398 -0.004451 0.000000 0.005205 0.973277 -0.229577 10.181600 0.005801 0.229547 0.973280 0.131500 0.000000 0.000000 0.000000 1.000000
0.999993 -0.002337 0.002887 0.000000 0.002922 0.974752 -0.223269 10.181600 -0.002292 0.223276 0.974752 0.131500 0.000000 0.000000 0.000000 1.000000
0.999913 0.002434 0.012953 0.000000 0.000391 0.976883 -0.213774 10.181600 -0.013174 0.213761 0.976797 0.131500 0.000000 0.000000 0.000000 1.000000
0.999699 0.007253 0.023450 -0.000000 -0.002340 0.979158 -0.203087 10.181600 -0.024434 0.202971 0.978880 0.131500 0.000000 0.000000 0.000000 1.000000
0.999389 0.011174 0.033103 -0.000000 -0.004691 0.981814 -0.189786 10.181600 -0.034622 0.189515 0.981267 0.131500 0.000000 0.000000 0.000000 1.000000
0.999095 0.013711 0.040252 0.000000 -0.006509 0.984745 -0.173882 10.181600 -0.042023 0.173463 0.983943 0.131500 0.000000 0.000000 0.000000 1.000000
0.998969 0.015055 0.042838 -0.000000 -0.008055 0.987227 -0.159113 10.181600 -0.044686 0.158604 0.986331 0.131500 0.000000 0.000000 0.000000 1.000000
0.998967 0.015659 0.042654 0.000000 -0.009195 0.988986 -0.147726 10.181600 -0.044497 0.147181 0.988108 0.131500 0.000000 0.000000 0.000000 1.000000
0.999053 0.014170 0.041138 0.000000 -0.008396 0.990497 -0.137281 10.181600 -0.042692 0.136805 0.989678 0.131500 0.000000 0.000000 0.000000 1.000000
0.999080 0.008404 0.042064 0.000000 -0.003095 0.992187 -0.124720 10.181600 -0.042783 0.124475 0.991300 0.131500 0.000000 0.000000 0.000000 1.000000
0.999028 0.000053 0.044076 -0.000000 0.004732 0.994089 -0.108469 10.181600 -0.043821 0.108572 0.993122 0.131500 0.000000 0.000000 0.000000 1.000000
0.999011 -0.005614 0.044099 0.000000 0.009557 0.995921 -0.089719 10.181600 -0.043416 0.090052 0.994990 0.131500 0.000000 0.000000 0.000000 1.000000
0.999113 -0.005826 0.041694 0.000000 0.008802 0.997398 -0.071549 10.181600 -0.041169 0.071853 0.996565 0.131500 0.000000 0.000000 0.000000 1.000000
0.999296 -0.002364 0.037453 -0.000000 0.004562 0.998263 -0.058733 10.181600 -0.037249 0.058862 0.997571 0.131500 0.000000 0.000000 0.000000 1.000000
0.999502 0.002346 0.031483 0.000000 -0.000723 0.998675 -0.051463 10.181600 -0.031562 0.051415 0.998179 0.131500 0.000000 0.000000 0.000000 1.000000
0.999685 0.006642 0.024218 0.000000 -0.005441 0.998768 -0.049325 10.181600 -0.024516 0.049178 0.998489 0.131500 0.000000 0.000000 0.000000 1.000000
0.999788 0.008609 0.018714 -0.000000 -0.007680 0.998763 -0.049129 10.181600 -0.019114 0.048975 0.998617 0.131500 0.000000 0.000000 0.000000 1.000000
0.999851 0.010168 0.013939 -0.000000 -0.009502 0.998848 -0.047031 10.181600 -0.014401 0.046892 0.998796 0.131500 0.000000 0.000000 0.000000 1.000000
0.999885 0.012372 0.008760 0.000000 -0.011994 0.999047 -0.041967 10.181600 -0.009271 0.041857 0.999081 0.131500 0.000000 0.000000 0.000000 1.000000
0.999893 0.014293 0.003077 0.000000 -0.014173 0.999242 -0.036248 10.181600 -0.003593 0.036201 0.999338 0.131500 0.000000 0.000000 0.000000 1.000000
0.999890 0.014685 -0.001929 -0.000000 -0.014739 0.999376 -0.032086 10.181600 0.001456 0.032111 0.999483 0.131500 0.000000 0.000000 0.000000 1.000000
0.999901 0.012961 -0.005547 0.000000 -0.013119 0.999481 -0.029406 10.181600 0.005163 0.029476 0.999552 0.131500 0.000000 0.000000 0.000000 1.000000
0.999899 0.011340 -0.008563 0.000000 -0.011564 0.999580 -0.026567 10.181600 0.008258 0.026663 0.999610 0.131500 0.000000 0.000000 0.000000 1.000000
0.999870 0.011347 -0.011454 0.000000 -0.011604 0.999678 -0.022584 10.181600 0.011194 0.022714 0.999679 0.131500 0.000000 0.000000 0.000000 1.000000
0.999812 0.013109 -0.014290 -0.000000 -0.013362 0.999753 -0.017782 10.181600 0.014053 0.017970 0.999740 0.131500 0.000000 0.000000 0.000000 1.000000
0.999747 0.015337 -0.016460 0.000000 -0.015560 0.999788 -0.013501 10.181600 0.016249 0.013754 0.999773 0.131500 0.000000 0.000000 0.000000 1.000000
0.999699 0.017637 -0.017051 0.000000 -0.017825 0.999781 -0.010935 10.181600 0.016855 0.011235 0.999795 0.131500 0.000000 0.000000 0.000000 1.000000
0.999681 0.019077 -0.016565 0.000000 -0.019244 0.999765 -0.009967 10.181600 0.016371 0.010283 0.999813 0.131500 0.000000 0.000000 0.000000 1.000000
0.999660 0.020656 -0.015894 0.000000 -0.020802 0.999742 -0.009108 10.181600 0.015701 0.009436 0.999832 0.131500 0.000000 0.000000 0.000000 1.000000
0.999645 0.021501 -0.015720 0.000000 -0.021636 0.999730 -0.008452 10.181600 0.015534 0.008789 0.999841 0.131500 0.000000 0.000000 0.000000 1.000000
0.999650 0.021301 -0.015675 0.000000 -0.021433 0.999736 -0.008333 10.181600 0.015493 0.008666 0.999842 0.131500 0.000000 0.000000 0.000000 1.000000
0.999663 0.020729 -0.015613 0.000000 -0.020862 0.999747 -0.008414 10.181600 0.015435 0.008737 0.999843 0.131500 0.000000 0.000000 0.000000 1.000000
0.999679 0.019997 -0.015545 0.000000 -0.020132 0.999760 -0.008591 10.181600 0.015370 0.008901 0.999842 0.131500 0.000000 0.000000 0.000000 1.000000
0.999696 0.019176 -0.015476 0.000000 -0.019315 0.999774 -0.008837 10.181600 0.015303 0.009133 0.999841 0.131500 0.000000 0.000000 0.000000 1.000000
0.999714 0.018304 -0.015398 -0.000000 -0.018446 0.999788 -0.009126 10.181600 0.015227 0.009408 0.999840 0.131500 0.000000 0.000000 0.000000 1.000000
0.999731 0.017418 -0.015300 0.000000 -0.017564 0.999801 -0.009433 10.181600 0.015133 0.009699 0.999838 0.131500 0.000000 0.000000 0.000000 1.000000
0.999747 0.016572 -0.015183 0.000000 -0.016721 0.999813 -0.009731 10.181600 0.015019 0.009983 0.999837 0.131500 0.000000 0.000000 0.000000 1.000000
0.999762 0.015821 -0.015041 0.000000 -0.015973 0.999822 -0.009996 10.181600 0.014880 0.010234 0.999837 0.131500 0.000000 0.000000 0.000000 1.000000
0.999773 0.015264 -0.014836 -0.000000 -0.015416 0.999829 -0.010200 10.181600 0.014678 0.010426 0.999838 0.131500 0.000000 0.000000 0.000000 1.000000
0.999782 0.014900 -0.014650 -0.000000 -0.015052 0.999833 -0.010364 10.181600 0.014493 0.010583 0.999839 0.131500 0.000000 0.000000 0.000000 1.000000
0.999787 0.014655 -0.014535 -0.000000 -0.014809 0.999835 -0.010509 10.181600 0.014378 0.010722 0.999839 0.131500 0.000000 0.000000 0.000000 1.000000
0.999790 0.014498 -0.014474 -0.000000 -0.014653 0.999836 -0.010639 10.181600 0.014317 0.010849 0.999839 0.131500 0.000000 0.000000 0.000000 1.000000
0.999792 0.014388 -0.014440 -0.000000 -0.014544 0.999836 -0.010757 10.181600 0.014283 0.010965 0.999838 0.131500 0.000000 0.000000 0.000000 1.000000
0.999794 0.014296 -0.014419 0.000000 -0.014453 0.999836 -0.010871 10.181600 0.014261 0.011078 0.999837 0.131500 0.000000 0.000000 0.000000 1.000000
0.999796 0.014192 -0.014390 0.000000 -0.014351 0.999837 -0.010984 10.181600 0.014232 0.011188 0.999836 0.131500 0.000000 0.000000 0.000000 1.000000
0.999799 0.014046 -0.014335 -0.000000 -0.014206 0.999837 -0.011100 10.181600 0.014177 0.011301 0.999836 0.131500 0.000000 0.000000 0.000000 1.000000
0.999803 0.013829 -0.014236 0.000000 -0.013990 0.999839 -0.011213 10.181600 0.014079 0.011409 0.999836 0.131500 0.000000 0.000000 0.000000 1.000000</float_array><technique_common><accessor source="#mixamorig_Spine-Matrix-animation-output-transform-array" count="73" stride="16"><param type="float4x4"/></accessor></technique_common></source><source id="mixamorig_Spine-Interpolations"><Name_array id="mixamorig_Spine-Interpolations-array" count="73">
 LINEAR LINEAR LINEAR LINEAR LINEAR LINEAR LINEAR LINEAR LINEAR LINEAR LINEAR
LINEAR LINEAR LINEAR LINEAR LINEAR LINEAR LINEAR LINEAR LINEAR LINEAR LINEAR LINEAR
LINEAR LINEAR LINEAR LINEAR LINEAR LINEAR LINEAR LINEAR LINEAR LINEAR LINEAR LINEAR
LINEAR LINEAR LINEAR LINEAR LINEAR LINEAR LINEAR LINEAR LINEAR LINEAR LINEAR LINEAR
LINEAR LINEAR LINEAR LINEAR LINEAR LINEAR LINEAR LINEAR LINEAR LINEAR LINEAR LINEAR
LINEAR LINEAR LINEAR LINEAR LINEAR LINEAR LINEAR LINEAR LINEAR LINEAR LINEAR LINEAR
LINEAR LINEAR</Name_array><technique_common><accessor source="#mixamorig_Spine-Interpolations-array" count="73"><param type="name"/></accessor></technique_common></source><sampler id="mixamorig_Spine-Matrix-animation-transform"><input semantic="INPUT" source="#mixamorig_Spine-Matrix-animation-input"/><input semantic="OUTPUT" source="#mixamorig_Spine-Matrix-animation-output-transform"/><input semantic="INTERPOLATION" source="#mixamorig_Spine-Interpolations"/></sampler><channel source="#mixamorig_Spine-Matrix-animation-transform" target="mixamorig_Spine/matrix"/></animation>
    <animation id="mixamorig_Spine1-anim" name="mixamorig_Spine1"><source id="mixamorig_Spine1-Matrix-animation-input"><float_array id="mixamorig_Spine1-Matrix-animation-input-array" count="73">

0.000000 0.033333 0.066667 0.100000 0.133333 0.166667 0.200000 0.233333 0.266667 0.300000 0.333333 0.366667 0.400000 0.433333 0.466667 0.500000
0.533333 0.566667 0.600000 0.633333 0.666667 0.700000 0.733333 0.766667 0.800000 0.833333 0.866667 0.900000 0.933333 0.966667 1.000000 1.033333
1.066667 1.100000 1.133333 1.166667 1.200000 1.233333 1.266667 1.300000 1.333333 1.366667 1.400000 1.433333 1.466667 1.500000 1.533333 1.566667
1.600000 1.633333 1.666667 1.700000 1.733333 1.766667 1.800000 1.833333 1.866667 1.900000 1.933333 1.966667 2.000000 2.033333 2.066667 2.100000
2.133333 2.166667 2.200000 2.233333 2.266667 2.300000 2.333333 2.366667 2.400000</float_array><technique_common><accessor source="#mixamorig_Spine1-Matrix-animation-input-array" count="73"><param name="TIME" type="float"/></accessor></technique_common></source><source id="mixamorig_Spine1-Matrix-animation-output-transform"><float_array id="mixamorig_Spine1-Matrix-animation-output-transform-array" count="1168">

0.999245 -0.028640 0.026242 0.000000 0.029701 0.998719 -0.040973 10.083500 -0.025035 0.041721 0.998816 -1.000800 0.000000 0.000000 0.000000 1.000000
0.999253 -0.028377 0.026220 0.000000 0.029442 0.998717 -0.041190 10.083500 -0.025017 0.041931 0.998807 -1.000800 0.000000 0.000000 0.000000 1.000000
0.999292 -0.027850 0.025304 0.000000 0.028875 0.998739 -0.041069 10.083500 -0.024128 0.041770 0.998836 -1.000800 0.000000 0.000000 0.000000 1.000000
0.999348 -0.027531 0.023361 0.000000 0.028456 0.998785 -0.040241 10.083500 -0.022225 0.040880 0.998917 -1.000800 0.000000 0.000000 0.000000 1.000000
0.999397 -0.027628 0.021049 -0.000000 0.028429 0.998843 -0.038775 10.083500 -0.019953 0.039350 0.999026 -1.000800 0.000000 0.000000 0.000000 1.000000
0.999432 -0.027401 0.019643 0.000000 0.028114 0.998920 -0.037002 10.083500 -0.018608 0.037533 0.999122 -1.000800 0.000000 0.000000 0.000000 1.000000
0.999464 -0.025707 0.020246 0.000000 0.026406 0.999037 -0.035038 10.083500 -0.019325 0.035554 0.999181 -1.000800 0.000000 0.000000 0.000000 1.000000
0.999482 -0.022090 0.023406 0.000000 0.022854 0.999198 -0.032885 10.083500 -0.022661 0.033403 0.999185 -1.000800 0.000000 0.000000 0.000000 1.000000
0.999448 -0.016191 0.029025 -0.000000 0.017081 0.999382 -0.030713 10.083500 -0.028509 0.031192 0.999107 -1.000800 0.000000 0.000000 0.000000 1.000000
0.999290 -0.007260 0.036964 0.000000 0.008317 0.999559 -0.028522 10.083500 -0.036741 0.028810 0.998909 -1.000800 0.000000 0.000000 0.000000 1.000000
0.998879 0.005178 0.047047 0.000000 -0.003904 0.999624 -0.027138 10.083500 -0.047170 0.026923 0.998524 -1.000800 0.000000 0.000000 0.000000 1.000000
0.998119 0.019366 0.058161 -0.000000 -0.017556 0.999351 -0.031464 10.083500 -0.058733 0.030383 0.997811 -1.000800 0.000000 0.000000 0.000000 1.000000
0.997241 0.030582 0.067646 0.000000 -0.027211 0.998368 -0.050211 10.083500 -0.069071 0.048232 0.996445 -1.000800 0.000000 0.000000 0.000000 1.000000
0.996660 0.036455 0.073080 0.000000 -0.030015 0.995724 -0.087364 10.083500 -0.075952 0.084878 0.993492 -1.000800 0.000000 0.000000 0.000000 1.000000
0.996584 0.040382 0.072035 0.000000 -0.030362 0.990361 -0.135138 10.083500 -0.076798 0.132490 0.988205 -1.000800 0.000000 0.000000 0.000000 1.000000
0.996960 0.041296 0.066075 0.000000 -0.028859 0.983392 -0.179184 10.083500 -0.072378 0.176732 0.981594 -1.000800 0.000000 0.000000 0.000000 1.000000
0.997426 0.036392 0.061775 0.000000 -0.022207 0.976043 -0.216440 10.083500 -0.068172 0.214511 0.974339 -1.000800 0.000000 0.000000 0.000000 1.000000
0.997584 0.023712 0.065302 0.000000 -0.006113 0.966265 -0.257478 10.083500 -0.069204 0.256457 0.964075 -1.000800 0.000000 0.000000 0.000000 1.000000
0.997045 0.010769 0.076065 -0.000000 0.013045 0.952015 -0.305772 10.083500 -0.075707 0.305861 0.949061 -1.000800 0.000000 0.000000 0.000000 1.000000
0.997024 0.006897 0.076789 0.000000 0.020529 0.936287 -0.350635 10.083500 -0.074315 0.351168 0.933359 -1.000800 0.000000 0.000000 0.000000 1.000000
0.998063 0.003011 0.062143 0.000000 0.021221 0.922458 -0.385515 10.083500 -0.058485 0.386087 0.920607 -1.000800 0.000000 0.000000 0.000000 1.000000
0.999161 -0.005898 0.040540 -0.000000 0.021962 0.912474 -0.408545 10.083500 -0.034582 0.409092 0.911838 -1.000800 0.000000 0.000000 0.000000 1.000000
0.999534 -0.014695 0.026762 0.000000 0.024603 0.906709 -0.421038 10.083500 -0.018078 0.421501 0.906648 -1.000800 0.000000 0.000000 0.000000 1.000000
0.999550 -0.020421 0.021978 0.000000 0.027892 0.902372 -0.430054 10.083500 -0.011050 0.430474 0.902535 -1.000800 0.000000 0.000000 0.000000 1.000000
0.999570 -0.020960 0.020498 -0.000000 0.027843 0.897643 -0.439844 10.083500 -0.009181 0.440225 0.897840 -1.000800 0.000000 0.000000 0.000000 1.000000
0.999614 -0.015240 0.023233 0.000000 0.024033 0.893857 -0.447708 10.083500 -0.013944 0.448093 0.893878 -1.000800 0.000000 0.000000 0.000000 1.000000
0.999446 -0.006394 0.032673 -0.000000 0.020324 0.894464 -0.446678 10.083500 -0.026369 0.447094 0.894098 -1.000800 0.000000 0.000000 0.000000 1.000000
0.998821 0.003143 0.048449 -0.000000 0.018264 0.900274 -0.434941 10.083500 -0.044985 0.435313 0.899155 -1.000800 0.000000 0.000000 0.000000 1.000000
0.997574 0.013803 0.068233 -0.000000 0.015964 0.908673 -0.417204 10.083500 -0.067760 0.417281 0.906248 -1.000800 0.000000 0.000000 0.000000 1.000000
0.995850 0.022893 0.088081 -0.000000 0.014026 0.917676 -0.397082 10.083500 -0.089920 0.396670 0.913547 -1.000800 0.000000 0.000000 0.000000 1.000000
0.994055 0.028057 0.105200 0.000000 0.013150 0.928214 -0.371815 10.083500 -0.108081 0.370988 0.922327 -1.000800 0.000000 0.000000 0.000000 1.000000
0.992933 0.028880 0.115107 -0.000000 0.012241 0.939839 -0.341398 10.083500 -0.118042 0.340394 0.932844 -1.000800 0.000000 0.000000 0.000000 1.000000
0.992676 0.026143 0.117946 -0.000000 0.012164 0.949715 -0.312880 10.083500 -0.120195 0.312023 0.942441 -1.000800 0.000000 0.000000 0.000000 1.000000
0.992766 0.019554 0.118462 0.000000 0.015815 0.956753 -0.290470 10.083500 -0.119018 0.290242 0.949523 -1.000800 0.000000 0.000000 0.000000 1.000000
0.993236 0.006047 0.115953 0.000000 0.025605 0.962651 -0.269531 10.083500 -0.113252 0.270677 0.955985 -1.000800 0.000000 0.000000 0.000000 1.000000
0.993343 -0.014597 0.114263 0.000000 0.042331 0.968791 -0.244238 10.083500 -0.107132 0.247449 0.962960 -1.000800 0.000000 0.000000 0.000000 1.000000
0.992981 -0.037851 0.112054 -0.000000 0.061068 0.975432 -0.211669 10.083500 -0.101289 0.217027 0.970896 -1.000800 0.000000 0.000000 0.000000 1.000000
0.992917 -0.054265 0.105691 0.000000 0.072239 0.982010 -0.174464 10.083500 -0.094322 0.180863 0.978975 -1.000800 0.000000 0.000000 0.000000 1.000000
0.993708 -0.057941 0.095853 -0.000000 0.070983 0.987773 -0.138801 10.083500 -0.086639 0.144731 0.985671 -1.000800 0.000000 0.000000 0.000000 1.000000
0.995053 -0.052047 0.084614 0.000000 0.061558 0.991574 -0.113980 10.083500 -0.077969 0.118625 0.989873 -1.000800 0.000000 0.000000 0.000000 1.000000
0.996504 -0.043259 0.071478 0.000000 0.050326 0.993691 -0.100226 10.083500 -0.066692 0.103472 0.992394 -1.000800 0.000000 0.000000 0.000000 1.000000
0.997771 -0.035591 0.056440 0.000000 0.040941 0.994477 -0.096645 10.083500 -0.052688 0.098740 0.993717 -1.000800 0.000000 0.000000 0.000000 1.000000
0.998534 -0.030319 0.044832 0.000000 0.034547 0.994708 -0.096762 10.083500 -0.041661 0.098169 0.994297 -1.000800 0.000000 0.000000 0.000000 1.000000
0.999023 -0.025452 0.036116 0.000000 0.028716 0.995256 -0.092960 10.083500 -0.033579 0.093907 0.995015 -1.000800 0.000000 0.000000 0.000000 1.000000
0.999524 -0.017641 0.025305 -0.000000 0.019693 0.996332 -0.083281 10.083500 -0.023743 0.083739 0.996205 -1.000800 0.000000 0.000000 0.000000 1.000000
0.999896 -0.007996 0.012040 0.000000 0.008845 0.997347 -0.072258 10.083500 -0.011430 0.072357 0.997313 -1.000800 0.000000 0.000000 0.000000 1.000000
1.000000 -0.000542 -0.000352 0.000000 0.000518 0.997939 -0.064171 10.083500 0.000386 0.064171 0.997939 -1.000800 0.000000 0.000000 0.000000 1.000000
0.999956 0.001753 -0.009255 0.000000 -0.002295 0.998261 -0.058903 10.083500 0.009135 0.058922 0.998221 -1.000800 0.000000 0.000000 0.000000 1.000000
0.999866 0.002266 -0.016213 0.000000 -0.003126 0.998575 -0.053270 10.083500 0.016069 0.053314 0.998449 -1.000800 0.000000 0.000000 0.000000 1.000000
0.999735 0.004474 -0.022576 0.000000 -0.005495 0.998957 -0.045330 10.083500 0.022350 0.045442 0.998717 -1.000800 0.000000 0.000000 0.000000 1.000000
0.999558 0.008641 -0.028460 0.000000 -0.009657 0.999315 -0.035737 10.083500 0.028131 0.035996 0.998956 -1.000800 0.000000 0.000000 0.000000 1.000000
0.999377 0.012936 -0.032852 0.000000 -0.013831 0.999535 -0.027174 10.083500 0.032485 0.027612 0.999091 -1.000800 0.000000 0.000000 0.000000 1.000000
0.999272 0.017153 -0.034081 -0.000000 -0.017909 0.999597 -0.022021 10.083500 0.033690 0.022615 0.999176 -1.000800 0.000000 0.000000 0.000000 1.000000
0.999248 0.020047 -0.033185 -0.000000 -0.020720 0.999584 -0.020059 10.083500 0.032770 0.020731 0.999248 -1.000800 0.000000 0.000000 0.000000 1.000000
0.999222 0.023194 -0.031897 -0.000000 -0.023786 0.999549 -0.018311 10.083500 0.031458 0.019056 0.999323 -1.000800 0.000000 0.000000 0.000000 1.000000
0.999190 0.024944 -0.031592 0.000000 -0.025489 0.999531 -0.016985 10.083500 0.031154 0.017776 0.999357 -1.000800 0.000000 0.000000 0.000000 1.000000
0.999199 0.024631 -0.031526 -0.000000 -0.025168 0.999543 -0.016747 10.083500 0.031099 0.017527 0.999363 -1.000800 0.000000 0.000000 0.000000 1.000000
0.999228 0.023577 -0.031419 0.000000 -0.024117 0.999566 -0.016916 10.083500 0.031007 0.017661 0.999363 -1.000800 0.000000 0.000000 0.000000 1.000000
0.999264 0.022200 -0.031297 -0.000000 -0.022748 0.999592 -0.017279 10.083500 0.030900 0.017978 0.999361 -1.000800 0.000000 0.000000 0.000000 1.000000
0.999301 0.020644 -0.031166 0.000000 -0.021205 0.999617 -0.017780 10.083500 0.030787 0.018429 0.999356 -1.000800 0.000000 0.000000 0.000000 1.000000
0.999339 0.018987 -0.031015 0.000000 -0.019563 0.999640 -0.018370 10.083500 0.030655 0.018965 0.999350 -1.000800 0.000000 0.000000 0.000000 1.000000
0.999375 0.017305 -0.030825 0.000000 -0.017896 0.999659 -0.018993 10.083500 0.030485 0.019533 0.999344 -1.000800 0.000000 0.000000 0.000000 1.000000
0.999409 0.015701 -0.030591 0.000000 -0.016305 0.999675 -0.019600 10.083500 0.030273 0.020087 0.999340 -1.000800 0.000000 0.000000 0.000000 1.000000
0.999439 0.014283 -0.030310 0.000000 -0.014897 0.999686 -0.020137 10.083500 0.030012 0.020578 0.999338 -1.000800 0.000000 0.000000 0.000000 1.000000
0.999465 0.013234 -0.029903 0.000000 -0.013852 0.999693 -0.020550 10.083500 0.029622 0.020953 0.999342 -1.000800 0.000000 0.000000 0.000000 1.000000
0.999485 0.012556 -0.029538 0.000000 -0.013175 0.999695 -0.020881 10.083500 0.029267 0.021260 0.999346 -1.000800 0.000000 0.000000 0.000000 1.000000
0.999497 0.012100 -0.029314 0.000000 -0.012723 0.999695 -0.021172 10.083500 0.029049 0.021534 0.999346 -1.000800 0.000000 0.000000 0.000000 1.000000
0.999504 0.011816 -0.029199 0.000000 -0.012445 0.999693 -0.021433 10.083500 0.028937 0.021786 0.999344 -1.000800 0.000000 0.000000 0.000000 1.000000
0.999508 0.011632 -0.029143 -0.000000 -0.012266 0.999690 -0.021670 10.083500 0.028882 0.022017 0.999340 -1.000800 0.000000 0.000000 0.000000 1.000000
0.999510 0.011489 -0.029116 -0.000000 -0.012129 0.999687 -0.021898 10.083500 0.028856 0.022241 0.999336 -1.000800 0.000000 0.000000 0.000000 1.000000
0.999513 0.011324 -0.029073 0.000000 -0.011970 0.999684 -0.022123 10.083500 0.028813 0.022460 0.999332 -1.000800 0.000000 0.000000 0.000000 1.000000
0.999519 0.011076 -0.028977 0.000000 -0.011726 0.999681 -0.022355 10.083500 0.028720 0.022684 0.999330 -1.000800 0.000000 0.000000 0.000000 1.000000
0.999528 0.010684 -0.028791 0.000000 -0.011336 0.999681 -0.022582 10.083500 0.028541 0.022898 0.999330 -1.000800 0.000000 0.000000 0.000000 1.000000</float_array><technique_common><accessor source="#mixamorig_Spine1-Matrix-animation-output-transform-array" count="73" stride="16"><param type="float4x4"/></accessor></technique_common></source><source id="mixamorig_Spine1-Interpolations"><Name_array id="mixamorig_Spine1-Interpolations-array" count="73">
 LINEAR LINEAR LINEAR LINEAR LINEAR LINEAR LINEAR LINEAR LINEAR LINEAR LINEAR
LINEAR LINEAR LINEAR LINEAR LINEAR LINEAR LINEAR LINEAR LINEAR LINEAR LINEAR LINEAR
LINEAR LINEAR LINEAR LINEAR LINEAR LINEAR LINEAR LINEAR LINEAR LINEAR LINEAR LINEAR
