<?xml version="1.0" encoding="utf-8"?>
<COLLADA xmlns="http://www.collada.org/2005/11/COLLADASchema" version="1.4.1">
  <asset><contributor><author>Mixamo</author><authoring_tool>COLLADA Mixamo exporter</authoring_tool><comments></comments></contributor><created>2021-04-18T12:39:00Z</created><modified>2021-04-18T12:39:00Z</modified><revision></revision><title></title><unit meter="0.010000"/><up_axis>Y_UP</up_axis></asset>
  <library_animations>
    <animation id="mixamorig_Hips-anim" name="mixamorig_Hips"><source id="mixamorig_Hips-Matrix-animation-input"><float_array id="mixamorig_Hips-Matrix-animation-input-array" count="67">

0.000000 0.033333 0.066667 0.100000 0.133333 0.166667 0.200000 0.233333 0.266667 0.300000 0.333333 0.366667 0.400000 0.433333 0.466667 0.500000
0.533333 0.566667 0.600000 0.633333 0.666667 0.700000 0.733333 0.766667 0.800000 0.833333 0.866667 0.900000 0.933333 0.966667 1.000000 1.033333
1.066667 1.100000 1.133333 1.166667 1.200000 1.233333 1.266667 1.300000 1.333333 1.366667 1.400000 1.433333 1.466667 1.500000 1.533333 1.566667
1.600000 1.633333 1.666667 1.700000 1.733333 1.766667 1.800000 1.833333 1.866667 1.900000 1.933333 1.966667 2.000000 2.033333 2.066667 2.100000
2.133333 2.166667 2.200000</float_array><technique_common><accessor source="#mixamorig_Hips-Matrix-animation-input-array" count="67"><param name="TIME" type="float"/></accessor></technique_common></source><source id="mixamorig_Hips-Matrix-animation-output-transform"><float_array id="mixamorig_Hips-Matrix-animation-output-transform-array" count="1072">

0.691663 0.016141 -0.722040 -1.121976 0.058294 0.995240 0.078091 89.093063 0.719864 -0.096103 0.687430 1.471375 0.000000 0.000000 0.000000 1.000000
0.694055 0.016197 -0.719740 -1.339620 0.055516 0.995566 0.075939 89.731438 0.717778 -0.092663 0.690078 1.149561 0.000000 0.000000 0.000000 1.000000
0.697702 0.017094 -0.716184 -1.739474 0.047307 0.996434 0.069870 90.956024 0.714825 -0.082629 0.694405 0.389845 0.000000 0.000000 0.000000 1.000000
0.705192 0.019610 -0.708745 -2.350598 0.035482 0.997389 0.062900 92.550415 0.708128 -0.069504 0.702655 -0.881850 0.000000 0.000000 0.000000 1.000000
0.724813 0.023016 -0.688561 -3.194820 0.021617 0.998190 0.056121 94.169838 0.688606 -0.055562 0.723004 -2.661388 0.000000 0.000000 0.000000 1.000000
0.751764 0.024253 -0.658986 -4.138187 0.010357 0.998766 0.048574 95.466255 0.659351 -0.043342 0.750585 -4.756425 0.000000 0.000000 0.000000 1.000000
0.781390 0.020561 -0.623704 -5.065719 0.005925 0.999168 0.040361 96.193871 0.624015 -0.035233 0.780618 -6.998637 0.000000 0.000000 0.000000 1.000000
0.809489 0.012782 -0.586996 -5.897827 0.008419 0.999408 0.033372 96.214966 0.587075 -0.031956 0.808902 -9.164049 0.000000 0.000000 0.000000 1.000000
0.831955 0.004853 -0.554822 -6.606646 0.014776 0.999413 0.030898 95.544296 0.554646 -0.033903 0.831395 -11.063138 0.000000 0.000000 0.000000 1.000000
0.846820 0.001363 -0.531878 -7.133368 0.020738 0.999152 0.035578 94.387222 0.531475 -0.041159 0.846073 -12.650255 0.000000 0.000000 0.000000 1.000000
0.855944 0.003507 -0.517056 -7.437416 0.024017 0.998628 0.046531 93.150864 0.516510 -0.052246 0.854686 -13.928374 0.000000 0.000000 0.000000 1.000000
0.862689 0.007850 -0.505674 -7.544899 0.025505 0.997932 0.059003 92.250259 0.505092 -0.063798 0.860705 -14.851753 0.000000 0.000000 0.000000 1.000000
0.867913 0.008325 -0.496646 -7.604505 0.029241 0.997269 0.067816 91.914314 0.495854 -0.073381 0.865300 -15.396914 0.000000 0.000000 0.000000 1.000000
0.869651 0.003720 -0.493654 -7.673750 0.035857 0.996854 0.070681 92.198334 0.492364 -0.079169 0.866782 -15.498292 0.000000 0.000000 0.000000 1.000000
0.865963 -0.002950 -0.500100 -7.657480 0.042383 0.996818 0.067510 93.002785 0.498309 -0.079657 0.863332 -15.090569 0.000000 0.000000 0.000000 1.000000
0.856502 -0.010384 -0.516040 -7.459042 0.047511 0.997139 0.058792 94.130630 0.513953 -0.074873 0.854545 -14.190378 0.000000 0.000000 0.000000 1.000000
0.841755 -0.015429 -0.539639 -7.046617 0.047607 0.997819 0.045732 95.170204 0.537757 -0.064186 0.840653 -12.855412 0.000000 0.000000 0.000000 1.000000
0.821810 -0.016538 -0.569522 -6.467473 0.041540 0.998658 0.030942 95.769760 0.568246 -0.049086 0.821393 -11.260019 0.000000 0.000000 0.000000 1.000000
0.796449 -0.013285 -0.604559 -5.799241 0.030833 0.999350 0.018659 95.788200 0.603919 -0.033502 0.796342 -9.565726 0.000000 0.000000 0.000000 1.000000
0.768007 -0.007131 -0.640402 -5.097209 0.020574 0.999697 0.013541 95.221008 0.640111 -0.023575 0.767921 -7.921077 0.000000 0.000000 0.000000 1.000000
0.744358 0.001811 -0.667778 -4.394557 0.013516 0.999751 0.017777 94.184593 0.667644 -0.022259 0.744148 -6.446577 0.000000 0.000000 0.000000 1.000000
0.733735 0.011136 -0.679344 -3.734974 0.011551 0.999517 0.028861 93.001190 0.679337 -0.029024 0.733252 -5.230464 0.000000 0.000000 0.000000 1.000000
0.734438 0.016757 -0.678469 -3.220119 0.014891 0.999057 0.040795 92.078659 0.678513 -0.040065 0.733495 -4.331517 0.000000 0.000000 0.000000 1.000000
0.736114 0.017741 -0.676624 -2.928310 0.019730 0.998669 0.047650 91.693901 0.676569 -0.048426 0.734785 -3.728884 0.000000 0.000000 0.000000 1.000000
0.732842 0.016217 -0.680205 -2.894244 0.021280 0.998681 0.046736 91.948959 0.680066 -0.048725 0.731530 -3.442951 0.000000 0.000000 0.000000 1.000000
0.729677 0.013279 -0.683663 -3.111267 0.018720 0.999049 0.039384 92.705452 0.683535 -0.041536 0.728735 -3.581472 0.000000 0.000000 0.000000 1.000000
0.735216 0.010362 -0.677754 -3.560725 0.013059 0.999481 0.029446 93.637146 0.677707 -0.030500 0.734699 -4.180387 0.000000 0.000000 0.000000 1.000000
0.750920 0.007856 -0.660346 -4.221107 0.007658 0.999758 0.020602 94.424934 0.660349 -0.020527 0.750678 -5.168568 0.000000 0.000000 0.000000 1.000000
0.771699 0.004769 -0.635970 -5.004656 0.005932 0.999874 0.014695 94.781296 0.635960 -0.015112 0.771574 -6.376335 0.000000 0.000000 0.000000 1.000000
0.792560 -0.000024 -0.609793 -5.786436 0.009888 0.999869 0.012812 94.555443 0.609713 -0.016184 0.792457 -7.611010 0.000000 0.000000 0.000000 1.000000
0.810545 -0.005781 -0.585648 -6.428301 0.019189 0.999677 0.016690 93.783997 0.585362 -0.024766 0.810394 -8.666941 0.000000 0.000000 0.000000 1.000000
0.823265 -0.009951 -0.567570 -6.856990 0.030968 0.999145 0.027402 92.722801 0.566812 -0.040136 0.822869 -9.415742 0.000000 0.000000 0.000000 1.000000
0.829365 -0.009891 -0.558620 -7.109879 0.040777 0.998248 0.042866 91.758179 0.557218 -0.058330 0.828315 -9.802320 0.000000 0.000000 0.000000 1.000000
0.829557 -0.006002 -0.558390 -7.266106 0.046528 0.997208 0.058403 91.178650 0.556480 -0.074430 0.827520 -9.861327 0.000000 0.000000 0.000000 1.000000
0.825944 -0.000406 -0.563752 -7.369980 0.048306 0.996373 0.070054 91.190254 0.561679 -0.085093 0.822968 -9.634672 0.000000 0.000000 0.000000 1.000000
0.820243 0.004543 -0.571998 -7.351266 0.047084 0.996039 0.075428 91.847862 0.570075 -0.088801 0.816780 -9.126286 0.000000 0.000000 0.000000 1.000000
0.812497 0.005293 -0.582941 -7.117437 0.045549 0.996325 0.072532 93.018677 0.581183 -0.085484 0.809270 -8.356986 0.000000 0.000000 0.000000 1.000000
0.801191 0.000896 -0.598409 -6.637628 0.044696 0.997116 0.061334 94.339279 0.596738 -0.075887 0.798840 -7.362793 0.000000 0.000000 0.000000 1.000000
0.784591 -0.004624 -0.619996 -5.967424 0.041759 0.998096 0.045402 95.379044 0.618606 -0.061512 0.783290 -6.199566 0.000000 0.000000 0.000000 1.000000
0.762384 -0.007392 -0.647083 -5.214745 0.035447 0.998911 0.030353 95.821228 0.646154 -0.046078 0.761815 -4.943130 0.000000 0.000000 0.000000 1.000000
0.737339 -0.005231 -0.675502 -4.448260 0.026230 0.999438 0.020892 95.538498 0.675013 -0.033123 0.737062 -3.604806 0.000000 0.000000 0.000000 1.000000
0.714929 0.000378 -0.699197 -3.726061 0.018006 0.999658 0.018951 94.606194 0.698965 -0.026138 0.714678 -2.266369 0.000000 0.000000 0.000000 1.000000
0.700468 0.007523 -0.713644 -3.064664 0.012954 0.999646 0.023253 93.233688 0.713566 -0.025532 0.700122 -1.074378 0.000000 0.000000 0.000000 1.000000
0.694906 0.012013 -0.719000 -2.490744 0.013752 0.999456 0.029989 91.895149 0.718969 -0.030727 0.694363 -0.157749 0.000000 0.000000 0.000000 1.000000
0.693772 0.012050 -0.720094 -2.069821 0.018992 0.999206 0.035019 90.999039 0.719944 -0.037971 0.692993 0.427540 0.000000 0.000000 0.000000 1.000000
0.691876 0.009488 -0.721954 -1.818214 0.024034 0.999057 0.036163 90.723152 0.721616 -0.042372 0.690995 0.714190 0.000000 0.000000 0.000000 1.000000
0.689227 0.006834 -0.724513 -1.729228 0.025188 0.999125 0.033385 91.033775 0.724107 -0.041259 0.688452 0.692020 0.000000 0.000000 0.000000 1.000000
0.690723 0.004935 -0.723103 -1.825029 0.022105 0.999365 0.027936 91.738091 0.722782 -0.035280 0.690175 0.290600 0.000000 0.000000 0.000000 1.000000
0.700351 0.003934 -0.713787 -2.147898 0.016898 0.999613 0.022090 92.551712 0.713598 -0.027532 0.700014 -0.489495 0.000000 0.000000 0.000000 1.000000
0.718145 0.003360 -0.695886 -2.698122 0.012910 0.999752 0.018150 93.195480 0.695774 -0.022018 0.717923 -1.542393 0.000000 0.000000 0.000000 1.000000
0.741380 0.001963 -0.671083 -3.416481 0.013036 0.999765 0.017326 93.354179 0.670959 -0.021593 0.741180 -2.736238 0.000000 0.000000 0.000000 1.000000
0.765828 -0.001242 -0.643045 -4.211203 0.018781 0.999615 0.020435 92.901375 0.642771 -0.027727 0.765556 -3.934485 0.000000 0.000000 0.000000 1.000000
0.786410 -0.005408 -0.617681 -4.932858 0.029450 0.999153 0.028747 91.919754 0.617003 -0.040798 0.785903 -4.991022 0.000000 0.000000 0.000000 1.000000
0.799110 -0.007629 -0.601137 -5.473936 0.041362 0.998248 0.042314 90.724045 0.599761 -0.058678 0.798025 -5.790403 0.000000 0.000000 0.000000 1.000000
0.803128 -0.005227 -0.595784 -5.775711 0.049680 0.997067 0.058221 89.745110 0.593732 -0.076357 0.801032 -6.243821 0.000000 0.000000 0.000000 1.000000
0.800434 0.000527 -0.599421 -5.888242 0.053332 0.995971 0.072091 89.294724 0.597044 -0.089672 0.797181 -6.358155 0.000000 0.000000 0.000000 1.000000
0.793868 0.006949 -0.608051 -5.890649 0.053427 0.995271 0.081128 89.453003 0.605739 -0.096891 0.789742 -6.182917 0.000000 0.000000 0.000000 1.000000
0.785356 0.011682 -0.618935 -5.766491 0.051828 0.995071 0.084544 90.110909 0.616872 -0.098475 0.780879 -5.693139 0.000000 0.000000 0.000000 1.000000
0.775528 0.013329 -0.631173 -5.453948 0.049975 0.995344 0.082424 91.021332 0.629332 -0.095465 0.771250 -4.864208 0.000000 0.000000 0.000000 1.000000
0.763438 0.013005 -0.645751 -4.932949 0.047141 0.996009 0.075790 91.825729 0.644159 -0.088302 0.759778 -3.748939 0.000000 0.000000 0.000000 1.000000
0.746994 0.012331 -0.664717 -4.249448 0.043082 0.996829 0.066907 92.278854 0.663434 -0.078617 0.744094 -2.471523 0.000000 0.000000 0.000000 1.000000
0.725863 0.011725 -0.687739 -3.463345 0.039827 0.997461 0.059040 92.241501 0.686685 -0.070245 0.723553 -1.202753 0.000000 0.000000 0.000000 1.000000
0.704789 0.012064 -0.709315 -2.627551 0.038984 0.997686 0.055704 91.653625 0.708345 -0.066912 0.702688 -0.102000 0.000000 0.000000 0.000000 1.000000
0.692947 0.013174 -0.720868 -1.857516 0.042775 0.997321 0.059344 90.647675 0.719718 -0.071957 0.690527 0.709351 0.000000 0.000000 0.000000 1.000000
0.688800 0.014708 -0.724802 -1.329112 0.048932 0.996571 0.066725 89.717987 0.723298 -0.081426 0.685718 1.235534 0.000000 0.000000 0.000000 1.000000
0.689414 0.015685 -0.724197 -1.100500 0.055479 0.995686 0.074380 89.120293 0.722240 -0.091456 0.685570 1.475383 0.000000 0.000000 0.000000 1.000000
0.691663 0.016141 -0.722040 -1.121969 0.058294 0.995240 0.078091 89.093086 0.719864 -0.096103 0.687430 1.471379 0.000000 0.000000 0.000000 1.000000</float_array><technique_common><accessor source="#mixamorig_Hips-Matrix-animation-output-transform-array" count="67" stride="16"><param type="float4x4"/></accessor></technique_common></source><source id="mixamorig_Hips-Interpolations"><Name_array id="mixamorig_Hips-Interpolations-array" count="67">
 LINEAR LINEAR LINEAR LINEAR LINEAR LINEAR LINEAR LINEAR LINEAR LINEAR LINEAR
LINEAR LINEAR LINEAR LINEAR LINEAR LINEAR LINEAR LINEAR LINEAR LINEAR LINEAR LINEAR
LINEAR LINEAR LINEAR LINEAR LINEAR LINEAR LINEAR LINEAR LINEAR LINEAR LINEAR LINEAR
LINEAR LINEAR LINEAR LINEAR LINEAR LINEAR LINEAR LINEAR LINEAR LINEAR LINEAR LINEAR
LINEAR LINEAR LINEAR LINEAR LINEAR LINEAR LINEAR LINEAR LINEAR LINEAR LINEAR LINEAR
LINEAR LINEAR LINEAR LINEAR LINEAR LINEAR LINEAR LINEAR</Name_array><technique_common><accessor source="#mixamorig_Hips-Interpolations-array" count="67"><param type="name"/></accessor></technique_common></source><sampler id="mixamorig_Hips-Matrix-animation-transform"><input semantic="INPUT" source="#mixamorig_Hips-Matrix-animation-input"/><input semantic="OUTPUT" source="#mixamorig_Hips-Matrix-animation-output-transform"/><input semantic="INTERPOLATION" source="#mixamorig_Hips-Interpolations"/></sampler><channel source="#mixamorig_Hips-Matrix-animation-transform" target="mixamorig_Hips/matrix"/></animation>
    <animation id="mixamorig_Spine-anim" name="mixamorig_Spine"><source id="mixamorig_Spine-Matrix-animation-input"><float_array id="mixamorig_Spine-Matrix-animation-input-array" count="67">

0.000000 0.033333 0.066667 0.100000 0.133333 0.166667 0.200000 0.233333 0.266667 0.300000 0.333333 0.366667 0.400000 0.433333 0.466667 0.500000
0.533333 0.566667 0.600000 0.633333 0.666667 0.700000 0.733333 0.766667 0.800000 0.833333 0.866667 0.900000 0.933333 0.966667 1.000000 1.033333
1.066667 1.100000 1.133333 1.166667 1.200000 1.233333 1.266667 1.300000 1.333333 1.366667 1.400000 1.433333 1.466667 1.500000 1.533333 1.566667
1.600000 1.633333 1.666667 1.700000 1.733333 1.766667 1.800000 1.833333 1.866667 1.900000 1.933333 1.966667 2.000000 2.033333 2.066667 2.100000
2.133333 2.166667 2.200000</float_array><technique_common><accessor source="#mixamorig_Spine-Matrix-animation-input-array" count="67"><param name="TIME" type="float"/></accessor></technique_common></source><source id="mixamorig_Spine-Matrix-animation-output-transform"><float_array id="mixamorig_Spine-Matrix-animation-output-transform-array" count="1072">

0.991750 -0.004911 0.128093 -0.000000 0.021654 0.991323 -0.129653 10.181600 -0.126344 0.131358 0.983251 0.131500 0.000000 0.000000 0.000000 1.000000
0.991514 -0.002806 0.129971 0.000000 0.019709 0.991455 -0.128951 10.181600 -0.128499 0.130419 0.983097 0.131500 0.000000 0.000000 0.000000 1.000000
0.991210 -0.001245 0.132294 0.000000 0.017891 0.992032 -0.124712 10.181600 -0.131085 0.125982 0.983334 0.131500 0.000000 0.000000 0.000000 1.000000
0.991276 0.001237 0.131794 0.000000 0.014502 0.992860 -0.118397 10.181600 -0.131000 0.119275 0.984181 0.131500 0.000000 0.000000 0.000000 1.000000
0.991874 0.005932 0.127082 0.000000 0.008459 0.993627 -0.112401 10.181600 -0.126939 0.112563 0.985503 0.131500 0.000000 0.000000 0.000000 1.000000
0.992662 0.012535 0.120269 0.000000 0.000556 0.994128 -0.108205 10.181600 -0.120919 0.107478 0.986827 0.131500 0.000000 0.000000 0.000000 1.000000
0.993164 0.019503 0.115091 0.000000 -0.007323 0.994411 -0.105325 10.181600 -0.116502 0.103762 0.987755 0.131500 0.000000 0.000000 0.000000 1.000000
0.993204 0.024373 0.113808 0.000000 -0.012550 0.994553 -0.103472 10.181600 -0.115710 0.101341 0.988100 0.131500 0.000000 0.000000 0.000000 1.000000
0.992937 0.025093 0.115959 0.000000 -0.012789 0.994321 -0.105655 10.181600 -0.117951 0.103426 0.987619 0.131500 0.000000 0.000000 0.000000 1.000000
0.992675 0.020082 0.119131 0.000000 -0.006102 0.993164 -0.116571 10.181600 -0.120657 0.114991 0.986012 0.131500 0.000000 0.000000 0.000000 1.000000
0.992630 0.009965 0.120773 0.000000 0.006636 0.990648 -0.136279 10.181600 -0.121001 0.136076 0.983281 0.131500 0.000000 0.000000 0.000000 1.000000
0.992717 -0.001530 0.120457 0.000000 0.020596 0.987354 -0.157189 10.181600 -0.118693 0.158525 0.980195 0.131500 0.000000 0.000000 0.000000 1.000000
0.992778 -0.008601 0.119660 -0.000000 0.029125 0.984865 -0.170857 10.181600 -0.116379 0.173108 0.978003 0.131500 0.000000 0.000000 0.000000 1.000000
0.992555 -0.007494 0.121568 0.000000 0.028531 0.984641 -0.172247 10.181600 -0.118410 0.174433 0.977524 0.131500 0.000000 0.000000 0.000000 1.000000
0.991894 -0.001456 0.127063 0.000000 0.022330 0.986372 -0.163009 10.181600 -0.125094 0.164525 0.978408 0.131500 0.000000 0.000000 0.000000 1.000000
0.990904 0.005778 0.134445 0.000000 0.014115 0.989103 -0.146546 10.181600 -0.133826 0.147110 0.980025 0.131500 0.000000 0.000000 0.000000 1.000000
0.989825 0.008088 0.142062 0.000000 0.009826 0.992115 -0.124943 10.181600 -0.141952 0.125068 0.981941 0.131500 0.000000 0.000000 0.000000 1.000000
0.988834 0.003801 0.148976 -0.000000 0.011454 0.994779 -0.101405 10.181600 -0.148583 0.101979 0.983628 0.131500 0.000000 0.000000 0.000000 1.000000
0.987986 -0.004861 0.154466 0.000000 0.017749 0.996461 -0.082167 10.181600 -0.153520 0.083922 0.984575 0.131500 0.000000 0.000000 0.000000 1.000000
0.987580 -0.012049 0.156656 0.000000 0.024043 0.996902 -0.074895 10.181600 -0.155268 0.077732 0.984809 0.131500 0.000000 0.000000 0.000000 1.000000
0.988093 -0.014334 0.153187 0.000000 0.027345 0.996160 -0.083166 10.181600 -0.151406 0.086365 0.984691 0.131500 0.000000 0.000000 0.000000 1.000000
0.989556 -0.009953 0.143807 0.000000 0.024972 0.994366 -0.103016 10.181600 -0.141972 0.105531 0.984229 0.131500 0.000000 0.000000 0.000000 1.000000
0.991214 0.000084 0.132267 0.000000 0.016499 0.992111 -0.124274 10.181600 -0.131234 0.125364 0.983393 0.131500 0.000000 0.000000 0.000000 1.000000
0.992241 0.010920 0.123845 0.000000 0.006208 0.990541 -0.137073 10.181600 -0.124171 0.136778 0.982789 0.131500 0.000000 0.000000 0.000000 1.000000
0.992462 0.017638 0.121276 0.000000 -0.000671 0.990356 -0.138541 10.181600 -0.122550 0.137416 0.982903 0.131500 0.000000 0.000000 0.000000 1.000000
0.992151 0.019981 0.123439 0.000000 -0.003403 0.991100 -0.133075 10.181600 -0.124999 0.131611 0.983389 0.131500 0.000000 0.000000 0.000000 1.000000
0.991697 0.019488 0.127110 -0.000000 -0.003257 0.991940 -0.126665 10.181600 -0.128554 0.125200 0.983768 0.131500 0.000000 0.000000 0.000000 1.000000
0.991419 0.018753 0.129373 -0.000000 -0.002761 0.992440 -0.122699 10.181600 -0.130696 0.121289 0.983975 0.131500 0.000000 0.000000 0.000000 1.000000
0.991484 0.018855 0.128858 -0.000000 -0.003045 0.992549 -0.121806 10.181600 -0.130195 0.120376 0.984154 0.131500 0.000000 0.000000 0.000000 1.000000
0.991845 0.019283 0.125983 0.000000 -0.003524 0.992259 -0.124137 10.181600 -0.127401 0.122681 0.984235 0.131500 0.000000 0.000000 0.000000 1.000000
0.992302 0.018309 0.122478 0.000000 -0.002199 0.991460 -0.130394 10.181600 -0.123819 0.129121 0.983868 0.131500 0.000000 0.000000 0.000000 1.000000
0.992649 0.013824 0.120239 0.000000 0.003212 0.990097 -0.140345 10.181600 -0.120988 0.139700 0.982775 0.131500 0.000000 0.000000 0.000000 1.000000
0.992788 0.004710 0.119788 0.000000 0.013531 0.988440 -0.151005 10.181600 -0.119114 0.151537 0.981248 0.131500 0.000000 0.000000 0.000000 1.000000
0.992774 -0.006432 0.119831 0.000000 0.025452 0.987131 -0.157876 10.181600 -0.117273 0.159785 0.980161 0.131500 0.000000 0.000000 0.000000 1.000000
0.992801 -0.015936 0.118708 0.000000 0.034725 0.986838 -0.157939 10.181600 -0.114629 0.160924 0.980288 0.131500 0.000000 0.000000 0.000000 1.000000
0.992953 -0.022052 0.116438 -0.000000 0.039637 0.987747 -0.150944 10.181600 -0.111682 0.154496 0.981661 0.131500 0.000000 0.000000 0.000000 1.000000
0.993099 -0.023481 0.114907 0.000000 0.039409 0.989595 -0.138377 10.181600 -0.110462 0.141951 0.983691 0.131500 0.000000 0.000000 0.000000 1.000000
0.993009 -0.021045 0.116147 0.000000 0.035310 0.991882 -0.122164 10.181600 -0.112634 0.125411 0.985691 0.131500 0.000000 0.000000 0.000000 1.000000
0.992546 -0.018691 0.120425 -0.000000 0.031439 0.993992 -0.104842 10.181600 -0.117742 0.107847 0.987171 0.131500 0.000000 0.000000 0.000000 1.000000
0.991816 -0.018570 0.126317 -0.000000 0.030094 0.995492 -0.089944 10.181600 -0.124078 0.093010 0.987904 0.131500 0.000000 0.000000 0.000000 1.000000
0.991060 -0.021420 0.131689 -0.000000 0.032284 0.996198 -0.080920 10.181600 -0.129455 0.084448 0.987983 0.131500 0.000000 0.000000 0.000000 1.000000
0.990608 -0.024040 0.134605 0.000000 0.035117 0.996133 -0.080535 10.181600 -0.132148 0.084506 0.987621 0.131500 0.000000 0.000000 0.000000 1.000000
0.990676 -0.023518 0.134191 0.000000 0.035705 0.995378 -0.089147 10.181600 -0.131474 0.093108 0.986937 0.131500 0.000000 0.000000 0.000000 1.000000
0.991240 -0.016268 0.131070 0.000000 0.030017 0.994164 -0.103620 10.181600 -0.128619 0.106647 0.985943 0.131500 0.000000 0.000000 0.000000 1.000000
0.991813 -0.004363 0.127623 -0.000000 0.019490 0.992878 -0.117528 10.181600 -0.126201 0.119053 0.984835 0.131500 0.000000 0.000000 0.000000 1.000000
0.991963 0.005492 0.126408 0.000000 0.010466 0.992072 -0.125234 10.181600 -0.126094 0.125551 0.984041 0.131500 0.000000 0.000000 0.000000 1.000000
0.991695 0.008353 0.128337 -0.000000 0.007917 0.992031 -0.125749 10.181600 -0.128365 0.125721 0.983726 0.131500 0.000000 0.000000 0.000000 1.000000
0.991205 0.004901 0.132242 -0.000000 0.011376 0.992458 -0.122054 10.181600 -0.131843 0.122485 0.983674 0.131500 0.000000 0.000000 0.000000 1.000000
0.990726 -0.000827 0.135875 0.000000 0.016937 0.992934 -0.117452 10.181600 -0.134818 0.118664 0.983739 0.131500 0.000000 0.000000 0.000000 1.000000
0.990533 -0.004812 0.137193 0.000000 0.020540 0.993330 -0.113461 10.181600 -0.135732 0.115204 0.984025 0.131500 0.000000 0.000000 0.000000 1.000000
0.990759 -0.005102 0.135539 -0.000000 0.020220 0.993682 -0.110396 10.181600 -0.134120 0.112117 0.984602 0.131500 0.000000 0.000000 0.000000 1.000000
0.991217 -0.001990 0.132233 0.000000 0.016526 0.993913 -0.108924 10.181600 -0.131212 0.110152 0.985216 0.131500 0.000000 0.000000 0.000000 1.000000
0.991526 0.002187 0.129887 0.000000 0.012263 0.993817 -0.110351 10.181600 -0.129325 0.111009 0.985369 0.131500 0.000000 0.000000 0.000000 1.000000
0.991469 0.003487 0.130299 0.000000 0.011624 0.993293 -0.115037 10.181600 -0.129827 0.115570 0.984778 0.131500 0.000000 0.000000 0.000000 1.000000
0.991127 -0.000669 0.132916 -0.000000 0.016884 0.992520 -0.120908 10.181600 -0.131841 0.122080 0.983725 0.131500 0.000000 0.000000 0.000000 1.000000
0.990686 -0.007086 0.135983 0.000000 0.024195 0.991914 -0.124584 10.181600 -0.134001 0.126714 0.982847 0.131500 0.000000 0.000000 0.000000 1.000000
0.990358 -0.011450 0.138057 0.000000 0.028685 0.991929 -0.123507 10.181600 -0.135528 0.126276 0.982693 0.131500 0.000000 0.000000 0.000000 1.000000
0.990240 -0.012491 0.138814 -0.000000 0.028940 0.992696 -0.117122 10.181600 -0.136337 0.119996 0.983368 0.131500 0.000000 0.000000 0.000000 1.000000
0.990239 -0.012433 0.138821 0.000000 0.027374 0.993963 -0.106249 10.181600 -0.136662 0.109012 0.984601 0.131500 0.000000 0.000000 0.000000 1.000000
0.990141 -0.015338 0.139231 -0.000000 0.028429 0.995304 -0.092526 10.181600 -0.137158 0.095572 0.985928 0.131500 0.000000 0.000000 0.000000 1.000000
0.989790 -0.021703 0.140870 0.000000 0.033196 0.996261 -0.079759 10.181600 -0.138613 0.083621 0.986810 0.131500 0.000000 0.000000 0.000000 1.000000
0.989338 -0.027255 0.143061 -0.000000 0.038175 0.996516 -0.074146 10.181600 -0.140542 0.078817 0.986932 0.131500 0.000000 0.000000 0.000000 1.000000
0.989277 -0.028424 0.143262 0.000000 0.040237 0.995963 -0.080244 10.181600 -0.140403 0.085147 0.986426 0.131500 0.000000 0.000000 0.000000 1.000000
0.989922 -0.023358 0.139673 -0.000000 0.037047 0.994670 -0.096227 10.181600 -0.136680 0.100432 0.985511 0.131500 0.000000 0.000000 0.000000 1.000000
0.990889 -0.015495 0.133786 -0.000000 0.030885 0.993030 -0.113745 10.181600 -0.131091 0.116841 0.984461 0.131500 0.000000 0.000000 0.000000 1.000000
0.991578 -0.008638 0.129221 0.000000 0.024973 0.991800 -0.125335 10.181600 -0.127079 0.127507 0.983663 0.131500 0.000000 0.000000 0.000000 1.000000
0.991750 -0.004911 0.128093 0.000000 0.021654 0.991323 -0.129653 10.181600 -0.126345 0.131357 0.983251 0.131500 0.000000 0.000000 0.000000 1.000000</float_array><technique_common><accessor source="#mixamorig_Spine-Matrix-animation-output-transform-array" count="67" stride="16"><param type="float4x4"/></accessor></technique_common></source><source id="mixamorig_Spine-Interpolations"><Name_array id="mixamorig_Spine-Interpolations-array" count="67">
 LINEAR LINEAR LINEAR LINEAR LINEAR LINEAR LINEAR LINEAR LINEAR LINEAR LINEAR
LINEAR LINEAR LINEAR LINEAR LINEAR LINEAR LINEAR LINEAR LINEAR LINEAR LINEAR LINEAR
LINEAR LINEAR LINEAR LINEAR LINEAR LINEAR LINEAR LINEAR LINEAR LINEAR LINEAR LINEAR
LINEAR LINEAR LINEAR LINEAR LINEAR LINEAR LINEAR LINEAR LINEAR LINEAR LINEAR LINEAR
LINEAR LINEAR LINEAR LINEAR LINEAR LINEAR LINEAR LINEAR LINEAR LINEAR LINEAR LINEAR
LINEAR LINEAR LINEAR LINEAR LINEAR LINEAR LINEAR LINEAR</Name_array><technique_common><accessor source="#mixamorig_Spine-Interpolations-array" count="67"><param type="name"/></accessor></technique_common></source><sampler id="mixamorig_Spine-Matrix-animation-transform"><input semantic="INPUT" source="#mixamorig_Spine-Matrix-animation-input"/><input semantic="OUTPUT" source="#mixamorig_Spine-Matrix-animation-output-transform"/><input semantic="INTERPOLATION" source="#mixamorig_Spine-Interpolations"/></sampler><channel source="#mixamorig_Spine-Matrix-animation-transform" target="mixamorig_Spine/matrix"/></animation>
    <animation id="mixamorig_Spine1-anim" name="mixamorig_Spine1"><source id="mixamorig_Spine1-Matrix-animation-input"><float_array id="mixamorig_Spine1-Matrix-animation-input-array" count="67">

0.000000 0.033333 0.066667 0.100000 0.133333 0.166667 0.200000 0.233333 0.266667 0.300000 0.333333 0.366667 0.400000 0.433333 0.466667 0.500000
0.533333 0.566667 0.600000 0.633333 0.666667 0.700000 0.733333 0.766667 0.800000 0.833333 0.866667 0.900000 0.933333 0.966667 1.000000 1.033333
1.066667 1.100000 1.133333 1.166667 1.200000 1.233333 1.266667 1.300000 1.333333 1.366667 1.400000 1.433333 1.466667 1.500000 1.533333 1.566667
1.600000 1.633333 1.666667 1.700000 1.733333 1.766667 1.800000 1.833333 1.866667 1.900000 1.933333 1.966667 2.000000 2.033333 2.066667 2.100000
2.133333 2.166667 2.200000</float_array><technique_common><accessor source="#mixamorig_Spine1-Matrix-animation-input-array" count="67"><param name="TIME" type="float"/></accessor></technique_common></source><source id="mixamorig_Spine1-Matrix-animation-output-transform"><float_array id="mixamorig_Spine1-Matrix-animation-output-transform-array" count="1072">

0.999849 0.002576 0.017209 -0.000000 -0.002405 0.999948 -0.009927 10.083500 -0.017234 0.009884 0.999803 -1.000800 0.000000 0.000000 0.000000 1.000000
0.999838 0.004273 0.017493 0.000000 -0.004052 0.999912 -0.012661 10.083500 -0.017546 0.012588 0.999767 -1.000800 0.000000 0.000000 0.000000 1.000000
0.999827 0.005300 0.017819 0.000000 -0.005047 0.999887 -0.014186 10.083500 -0.017892 0.014093 0.999741 -1.000800 0.000000 0.000000 0.000000 1.000000
0.999832 0.004605 0.017737 0.000000 -0.004339 0.999878 -0.014982 10.083500 -0.017804 0.014902 0.999730 -1.000800 0.000000 0.000000 0.000000 1.000000
0.999852 0.002105 0.017068 -0.000000 -0.001825 0.999864 -0.016404 10.083500 -0.017101 0.016370 0.999720 -1.000800 0.000000 0.000000 0.000000 1.000000
0.999870 -0.000980 0.016116 0.000000 0.001295 0.999808 -0.019570 10.083500 -0.016094 0.019589 0.999679 -1.000800 0.000000 0.000000 0.000000 1.000000
0.999877 -0.002964 0.015387 0.000000 0.003342 0.999692 -0.024596 10.083500 -0.015310 0.024645 0.999579 -1.000800 0.000000 0.000000 0.000000 1.000000
0.999880 -0.002857 0.015196 0.000000 0.003311 0.999546 -0.029933 10.083500 -0.015103 0.029980 0.999436 -1.000800 0.000000 0.000000 0.000000 1.000000
0.999880 -0.000626 0.015494 0.000000 0.001133 0.999463 -0.032742 10.083500 -0.015465 0.032756 0.999344 -1.000800 0.000000 0.000000 0.000000 1.000000
0.999867 0.003434 0.015961 0.000000 -0.002933 0.999506 -0.031289 10.083500 -0.016060 0.031238 0.999383 -1.000800 0.000000 0.000000 0.000000 1.000000
0.999828 0.008915 0.016250 0.000000 -0.008468 0.999590 -0.027360 10.083500 -0.016487 0.027217 0.999494 -1.000800 0.000000 0.000000 0.000000 1.000000
0.999759 0.014722 0.016275 0.000000 -0.014310 0.999581 -0.025166 10.083500 -0.016639 0.024927 0.999551 -1.000800 0.000000 0.000000 0.000000 1.000000
0.999680 0.019430 0.016210 0.000000 -0.018978 0.999439 -0.027597 10.083500 -0.016737 0.027280 0.999488 -1.000800 0.000000 0.000000 0.000000 1.000000
0.999637 0.021356 0.016454 0.000000 -0.020810 0.999248 -0.032703 10.083500 -0.017140 0.032349 0.999330 -1.000800 0.000000 0.000000 0.000000 1.000000
0.999647 0.020322 0.017125 0.000000 -0.019684 0.999134 -0.036647 10.083500 -0.017855 0.036297 0.999182 -1.000800 0.000000 0.000000 0.000000 1.000000
0.999689 0.017196 0.018068 0.000000 -0.016504 0.999150 -0.037762 10.083500 -0.018702 0.037452 0.999123 -1.000800 0.000000 0.000000 0.000000 1.000000
0.999731 0.013247 0.019062 0.000000 -0.012533 0.999233 -0.037108 10.083500 -0.019539 0.036859 0.999129 -1.000800 0.000000 0.000000 0.000000 1.000000
0.999754 0.009566 0.020004 -0.000000 -0.008848 0.999325 -0.035667 10.083500 -0.020332 0.035481 0.999163 -1.000800 0.000000 0.000000 0.000000 1.000000
0.999762 0.006617 0.020796 0.000000 -0.005937 0.999451 -0.032609 10.083500 -0.021000 0.032478 0.999252 -1.000800 0.000000 0.000000 0.000000 1.000000
0.999768 0.004106 0.021134 0.000000 -0.003545 0.999641 -0.026548 10.083500 -0.021236 0.026466 0.999424 -1.000800 0.000000 0.000000 0.000000 1.000000
0.999786 0.001509 0.020638 -0.000000 -0.001142 0.999841 -0.017778 10.083500 -0.020661 0.017751 0.999629 -1.000800 0.000000 0.000000 0.000000 1.000000
0.999813 -0.001198 0.019294 0.000000 0.001373 0.999958 -0.009066 10.083500 -0.019283 0.009091 0.999773 -1.000800 0.000000 0.000000 0.000000 1.000000
0.999838 -0.003441 0.017681 0.000000 0.003513 0.999985 -0.004085 10.083500 -0.017667 0.004147 0.999835 -1.000800 0.000000 0.000000 0.000000 1.000000
0.999852 -0.004658 0.016558 -0.000000 0.004733 0.999979 -0.004493 10.083500 -0.016536 0.004571 0.999853 -1.000800 0.000000 0.000000 0.000000 1.000000
0.999855 -0.004997 0.016267 0.000000 0.005134 0.999952 -0.008368 10.083500 -0.016224 0.008450 0.999833 -1.000800 0.000000 0.000000 0.000000 1.000000
0.999849 -0.005255 0.016594 0.000000 0.005456 0.999912 -0.012090 10.083500 -0.016529 0.012179 0.999789 -1.000800 0.000000 0.000000 0.000000 1.000000
0.999836 -0.005928 0.017085 0.000000 0.006164 0.999886 -0.013818 10.083500 -0.017001 0.013921 0.999759 -1.000800 0.000000 0.000000 0.000000 1.000000
0.999828 -0.006488 0.017369 0.000000 0.006742 0.999870 -0.014616 10.083500 -0.017272 0.014730 0.999742 -1.000800 0.000000 0.000000 0.000000 1.000000
0.999833 -0.005851 0.017293 0.000000 0.006133 0.999848 -0.016333 10.083500 -0.017195 0.016436 0.999717 -1.000800 0.000000 0.000000 0.000000 1.000000
0.999851 -0.003384 0.016917 0.000000 0.003708 0.999809 -0.019171 10.083500 -0.016849 0.019230 0.999673 -1.000800 0.000000 0.000000 0.000000 1.000000
0.999864 0.000717 0.016473 0.000000 -0.000359 0.999764 -0.021717 10.083500 -0.016484 0.021708 0.999628 -1.000800 0.000000 0.000000 0.000000 1.000000
0.999852 0.005696 0.016208 0.000000 -0.005322 0.999721 -0.023001 10.083500 -0.016334 0.022911 0.999604 -1.000800 0.000000 0.000000 0.000000 1.000000
0.999814 0.010505 0.016180 0.000000 -0.010116 0.999663 -0.023897 10.083500 -0.016426 0.023728 0.999583 -1.000800 0.000000 0.000000 0.000000 1.000000
0.999771 0.013982 0.016196 0.000000 -0.013556 0.999567 -0.026130 10.083500 -0.016554 0.025905 0.999527 -1.000800 0.000000 0.000000 0.000000 1.000000
0.999755 0.015240 0.016026 0.000000 -0.014751 0.999437 -0.030147 10.083500 -0.016477 0.029904 0.999417 -1.000800 0.000000 0.000000 0.000000 1.000000
0.999777 0.014130 0.015689 0.000000 -0.013582 0.999312 -0.034501 10.083500 -0.016165 0.034280 0.999282 -1.000800 0.000000 0.000000 0.000000 1.000000
0.999816 0.011310 0.015463 0.000000 -0.010725 0.999243 -0.037390 10.083500 -0.015875 0.037218 0.999181 -1.000800 0.000000 0.000000 0.000000 1.000000
0.999847 0.007808 0.015630 0.000000 -0.007205 0.999243 -0.038237 10.083500 -0.015917 0.038118 0.999146 -1.000800 0.000000 0.000000 0.000000 1.000000
0.999858 0.004540 0.016233 -0.000000 -0.003929 0.999289 -0.037499 10.083500 -0.016392 0.037430 0.999165 -1.000800 0.000000 0.000000 0.000000 1.000000
0.999852 0.002091 0.017071 0.000000 -0.001485 0.999372 -0.035406 10.083500 -0.017134 0.035375 0.999227 -1.000800 0.000000 0.000000 0.000000 1.000000
0.999841 0.000548 0.017830 -0.000000 0.000011 0.999509 -0.031349 10.083500 -0.017838 0.031344 0.999349 -1.000800 0.000000 0.000000 0.000000 1.000000
0.999834 -0.000579 0.018210 0.000000 0.001029 0.999695 -0.024691 10.083500 -0.018191 0.024706 0.999529 -1.000800 0.000000 0.000000 0.000000 1.000000
0.999835 -0.001958 0.018069 0.000000 0.002252 0.999865 -0.016265 10.083500 -0.018035 0.016303 0.999704 -1.000800 0.000000 0.000000 0.000000 1.000000
0.999839 -0.003646 0.017547 0.000000 0.003801 0.999954 -0.008794 10.083500 -0.017514 0.008859 0.999807 -1.000800 0.000000 0.000000 0.000000 1.000000
0.999843 -0.004847 0.017033 0.000000 0.004936 0.999974 -0.005189 10.083500 -0.017008 0.005272 0.999841 -1.000800 0.000000 0.000000 0.000000 1.000000
0.999846 -0.004723 0.016895 0.000000 0.004826 0.999970 -0.006063 10.083500 -0.016866 0.006144 0.999839 -1.000800 0.000000 0.000000 0.000000 1.000000
0.999846 -0.003445 0.017212 0.000000 0.003605 0.999950 -0.009294 10.083500 -0.017179 0.009355 0.999809 -1.000800 0.000000 0.000000 0.000000 1.000000
0.999840 -0.002129 0.017774 0.000000 0.002348 0.999922 -0.012304 10.083500 -0.017746 0.012344 0.999766 -1.000800 0.000000 0.000000 0.000000 1.000000
0.999832 -0.001659 0.018265 -0.000000 0.001922 0.999895 -0.014352 10.083500 -0.018239 0.014385 0.999730 -1.000800 0.000000 0.000000 0.000000 1.000000
0.999828 -0.001855 0.018434 -0.000000 0.002156 0.999864 -0.016342 10.083500 -0.018401 0.016379 0.999697 -1.000800 0.000000 0.000000 0.000000 1.000000
0.999832 -0.001832 0.018211 0.000000 0.002179 0.999817 -0.019010 10.083500 -0.018173 0.019046 0.999653 -1.000800 0.000000 0.000000 0.000000 1.000000
0.999842 -0.000761 0.017775 0.000000 0.001151 0.999758 -0.021960 10.083500 -0.017754 0.021977 0.999601 -1.000800 0.000000 0.000000 0.000000 1.000000
0.999846 0.001767 0.017471 0.000000 -0.001341 0.999702 -0.024362 10.083500 -0.017509 0.024335 0.999551 -1.000800 0.000000 0.000000 0.000000 1.000000
0.999831 0.005495 0.017538 -0.000000 -0.005036 0.999647 -0.026077 10.083500 -0.017675 0.025984 0.999506 -1.000800 0.000000 0.000000 0.000000 1.000000
0.999797 0.009248 0.017918 0.000000 -0.008747 0.999575 -0.027812 10.083500 -0.018167 0.027650 0.999453 -1.000800 0.000000 0.000000 0.000000 1.000000
0.999768 0.011304 0.018350 0.000000 -0.010747 0.999487 -0.030164 10.083500 -0.018682 0.029960 0.999377 -1.000800 0.000000 0.000000 0.000000 1.000000
0.999769 0.010696 0.018630 0.000000 -0.010081 0.999412 -0.032766 10.083500 -0.018970 0.032571 0.999289 -1.000800 0.000000 0.000000 0.000000 1.000000
0.999791 0.008170 0.018731 -0.000000 -0.007518 0.999372 -0.034626 10.083500 -0.019002 0.034478 0.999225 -1.000800 0.000000 0.000000 0.000000 1.000000
0.999809 0.005466 0.018759 -0.000000 -0.004805 0.999373 -0.035076 10.083500 -0.018938 0.034979 0.999209 -1.000800 0.000000 0.000000 0.000000 1.000000
0.999815 0.003781 0.018874 0.000000 -0.003138 0.999418 -0.033959 10.083500 -0.018992 0.033893 0.999245 -1.000800 0.000000 0.000000 0.000000 1.000000
0.999811 0.003175 0.019170 -0.000000 -0.002579 0.999516 -0.030993 10.083500 -0.019259 0.030938 0.999336 -1.000800 0.000000 0.000000 0.000000 1.000000
0.999805 0.003013 0.019493 0.000000 -0.002511 0.999667 -0.025681 10.083500 -0.019564 0.025627 0.999480 -1.000800 0.000000 0.000000 0.000000 1.000000
0.999807 0.002619 0.019465 0.000000 -0.002261 0.999828 -0.018401 10.083500 -0.019510 0.018354 0.999641 -1.000800 0.000000 0.000000 0.000000 1.000000
0.999820 0.001813 0.018868 0.000000 -0.001600 0.999935 -0.011306 10.083500 -0.018888 0.011274 0.999758 -1.000800 0.000000 0.000000 0.000000 1.000000
0.999838 0.001129 0.017980 0.000000 -0.000999 0.999973 -0.007232 10.083500 -0.017988 0.007212 0.999812 -1.000800 0.000000 0.000000 0.000000 1.000000
0.999849 0.001325 0.017335 0.000000 -0.001199 0.999973 -0.007286 10.083500 -0.017344 0.007264 0.999823 -1.000800 0.000000 0.000000 0.000000 1.000000
0.999849 0.002576 0.017209 -0.000000 -0.002405 0.999948 -0.009927 10.083500 -0.017234 0.009884 0.999803 -1.000800 0.000000 0.000000 0.000000 1.000000</float_array><technique_common><accessor source="#mixamorig_Spine1-Matrix-animation-output-transform-array" count="67" stride="16"><param type="float4x4"/></accessor></technique_common></source><source id="mixamorig_Spine1-Interpolations"><Name_array id="mixamorig_Spine1-Interpolations-array" count="67">
 LINEAR LINEAR LINEAR LINEAR LINEAR LINEAR LINEAR LINEAR LINEAR LINEAR LINEAR
LINEAR LINEAR LINEAR LINEAR LINEAR LINEAR LINEAR LINEAR LINEAR LINEAR LINEAR LINEAR
LINEAR LINEAR LINEAR LINEAR LINEAR LINEAR LINEAR LINEAR LINEAR LINEAR LINEAR LINEAR
LINEAR LINEAR LINEAR LINEAR LINEAR LINEAR LINEAR LINEAR LINEAR LINEAR LINEAR LINEAR
LINEAR LINEAR LINEAR LINEAR LINEAR LINEAR LINEAR LINEAR LINEAR LINEAR LINEAR LINEAR
LINEAR LINEAR LINEAR LINEAR LINEAR LINEAR LINEAR LINEAR</Name_array><technique_common><accessor source="#mixamorig_Spine1-Interpolations-array" count="67"><param type="name"/></accessor></technique_common></source><sampler id="mixamorig_Spine1-Matrix-animation-transform"><input semantic="INPUT" source="#mixamorig_Spine1-Matrix-animation-input"/><input semantic="OUTPUT" source="#mixamorig_Spine1-Matrix-animation-output-transform"/><input semantic="INTERPOLATION" source="#mixamorig_Spine1-Interpolations"/></sampler><channel source="#mixamorig_Spine1-Matrix-animation-transform" target="mixamorig_Spine1/matrix"/></animation>
    <animation id="mixamorig_Spine2-anim" name="mixamorig_Spine2"><source id="mixamorig_Spine2-Matrix-animation-input"><float_array id="mixamorig_Spine2-Matrix-animation-input-array" count="67">

0.000000 0.033333 0.066667 0.100000 0.133333 0.166667 0.200000 0.233333 0.266667 0.300000 0.333333 0.366667 0.400000 0.433333 0.466667 0.500000
0.533333 0.566667 0.600000 0.633333 0.666667 0.700000 0.733333 0.766667 0.800000 0.833333 0.866667 0.900000 0.933333 0.966667 1.000000 1.033333
1.066667 1.100000 1.133333 1.166667 1.200000 1.233333 1.266667 1.300000 1.333333 1.366667 1.400000 1.433333 1.466667 1.500000 1.533333 1.566667
1.600000 1.633333 1.666667 1.700000 1.733333 1.766667 1.800000 1.833333 1.866667 1.900000 1.933333 1.966667 2.000000 2.033333 2.066667 2.100000
2.133333 2.166667 2.200000</float_array><technique_common><accessor source="#mixamorig_Spine2-Matrix-animation-input-array" count="67"><param name="TIME" type="float"/></accessor></technique_common></source><source id="mixamorig_Spine2-Matrix-animation-output-transform"><float_array id="mixamorig_Spine2-Matrix-animation-output-transform-array" count="1072">

0.999849 0.002679 0.017153 -0.000000 -0.002508 0.999947 -0.009976 9.100000 -0.017179 0.009932 0.999803 -1.373400 0.000000 0.000000 0.000000 1.000000
0.999839 0.004338 0.017418 0.000000 -0.004116 0.999910 -0.012734 9.100000 -0.017472 0.012660 0.999767 -1.373400 0.000000 0.000000 0.000000 1.000000
0.999828 0.005336 0.017735 0.000000 -0.005083 0.999885 -0.014273 9.100000 -0.017809 0.014180 0.999741 -1.373400 0.000000 0.000000 0.000000 1.000000
0.999833 0.004618 0.017669 0.000000 -0.004353 0.999877 -0.015054 9.100000 -0.017736 0.014974 0.999731 -1.373400 0.000000 0.000000 0.000000 1.000000
0.999853 0.002090 0.017043 0.000000 -0.001810 0.999863 -0.016431 9.100000 -0.017075 0.016398 0.999720 -1.373400 0.000000 0.000000 0.000000 1.000000
0.999869 -0.001039 0.016147 0.000000 0.001355 0.999808 -0.019543 9.100000 -0.016124 0.019562 0.999679 -1.373400 0.000000 0.000000 0.000000 1.000000
0.999876 -0.003085 0.015471 0.000000 0.003463 0.999693 -0.024528 9.100000 -0.015390 0.024579 0.999579 -1.373400 0.000000 0.000000 0.000000 1.000000
