<?xml version="1.0" encoding="utf-8"?>
<COLLADA xmlns="http://www.collada.org/2005/11/COLLADASchema" version="1.4.1">
  <asset><contributor><author>Mixamo</author><authoring_tool>COLLADA Mixamo exporter</authoring_tool><comments></comments></contributor><created>2021-04-18T12:37:34Z</created><modified>2021-04-18T12:37:34Z</modified><revision></revision><title></title><unit meter="0.010000"/><up_axis>Y_UP</up_axis></asset>
  <library_animations>
    <animation id="mixamorig_Hips-anim" name="mixamorig_Hips"><source id="mixamorig_Hips-Matrix-animation-input"><float_array id="mixamorig_Hips-Matrix-animation-input-array" count="53">

0.000000 0.033333 0.066667 0.100000 0.133333 0.166667 0.200000 0.233333 0.266667 0.300000 0.333333 0.366667 0.400000 0.433333 0.466667 0.500000
0.533333 0.566667 0.600000 0.633333 0.666667 0.700000 0.733333 0.766667 0.800000 0.833333 0.866667 0.900000 0.933333 0.966667 1.000000 1.033333
1.066667 1.100000 1.133333 1.166667 1.200000 1.233333 1.266667 1.300000 1.333333 1.366667 1.400000 1.433333 1.466667 1.500000 1.533333 1.566667
1.600000 1.633333 1.666667 1.700000 1.733333</float_array><technique_common><accessor source="#mixamorig_Hips-Matrix-animation-input-array" count="53"><param name="TIME" type="float"/></accessor></technique_common></source><source id="mixamorig_Hips-Matrix-animation-output-transform"><float_array id="mixamorig_Hips-Matrix-animation-output-transform-array" count="848">

0.821597 0.028517 -0.569355 -1.651323 -0.010017 0.999316 0.035598 89.634644 0.569980 -0.023544 0.821321 1.677010 0.000000 0.000000 0.000000 1.000000
0.824762 0.030746 -0.564643 -1.616604 -0.007492 0.999027 0.043456 89.060852 0.565430 -0.031610 0.824190 2.546994 0.000000 0.000000 0.000000 1.000000
0.821750 0.032720 -0.568908 -1.564669 -0.001174 0.998445 0.055728 88.431923 0.569847 -0.045126 0.820511 3.862318 0.000000 0.000000 0.000000 1.000000
0.809687 0.034437 -0.585850 -1.459957 0.007848 0.997552 0.069484 87.733810 0.586809 -0.060858 0.807435 5.902725 0.000000 0.000000 0.000000 1.000000
0.785505 0.033078 -0.617970 -1.287126 0.019521 0.996749 0.078166 87.029243 0.618547 -0.073463 0.782306 8.719474 0.000000 0.000000 0.000000 1.000000
0.739071 0.021728 -0.673277 -0.898913 0.033486 0.997059 0.068936 86.663818 0.672795 -0.073494 0.736170 12.368826 0.000000 0.000000 0.000000 1.000000
0.673410 0.005282 -0.739250 -0.316016 0.040634 0.998198 0.044147 86.770264 0.738151 -0.059768 0.671982 16.368660 0.000000 0.000000 0.000000 1.000000
0.597471 -0.010950 -0.801816 0.568838 0.033894 0.999358 0.011608 87.200653 0.801174 -0.034112 0.597459 20.378704 0.000000 0.000000 0.000000 1.000000
0.521888 -0.022532 -0.852716 1.761211 0.010984 0.999746 -0.019694 87.694290 0.852943 0.000912 0.522003 24.166021 0.000000 0.000000 0.000000 1.000000
0.457479 -0.027857 -0.888784 3.184130 -0.024117 0.998753 -0.043717 87.782646 0.888893 0.041434 0.456236 27.989300 0.000000 0.000000 0.000000 1.000000
0.414808 -0.027761 -0.909486 4.769354 -0.061153 0.996424 -0.058306 86.883110 0.907852 0.079803 0.411626 32.617966 0.000000 0.000000 0.000000 1.000000
0.395454 -0.025167 -0.918141 6.446498 -0.086318 0.994182 -0.064430 85.027626 0.914421 0.104731 0.390980 37.841110 0.000000 0.000000 0.000000 1.000000
0.388457 -0.023664 -0.921163 8.111113 -0.092579 0.993610 -0.064566 83.100937 0.916804 0.110362 0.383784 42.441128 0.000000 0.000000 0.000000 1.000000
0.382843 -0.023781 -0.923507 9.608882 -0.088267 0.994153 -0.062192 81.659897 0.919587 0.105325 0.378506 46.012131 0.000000 0.000000 0.000000 1.000000
0.376911 -0.025146 -0.925908 10.634459 -0.084749 0.994502 -0.061507 80.769600 0.922364 0.101652 0.372708 48.785301 0.000000 0.000000 0.000000 1.000000
0.372198 -0.027428 -0.927748 11.033051 -0.087666 0.994056 -0.064559 80.289673 0.924004 0.105361 0.367581 50.932072 0.000000 0.000000 0.000000 1.000000
0.367869 -0.029249 -0.929417 11.084414 -0.092694 0.993373 -0.067950 80.074165 0.925246 0.111148 0.362721 52.470623 0.000000 0.000000 0.000000 1.000000
0.361536 -0.026437 -0.931983 10.972687 -0.095296 0.993315 -0.065145 80.015701 0.927475 0.112366 0.356600 53.363148 0.000000 0.000000 0.000000 1.000000
0.352029 -0.017648 -0.935823 10.664707 -0.094333 0.994062 -0.054232 80.121231 0.931223 0.107370 0.348274 53.622360 0.000000 0.000000 0.000000 1.000000
0.341512 -0.006452 -0.939855 10.087003 -0.089538 0.995205 -0.039367 80.424576 0.935603 0.097597 0.339297 53.252514 0.000000 0.000000 0.000000 1.000000
0.335354 0.003910 -0.942084 9.277710 -0.079706 0.996524 -0.024237 80.974892 0.938715 0.083217 0.334500 52.223927 0.000000 0.000000 0.000000 1.000000
0.339028 0.012171 -0.940698 8.338791 -0.063799 0.997912 -0.010082 81.859512 0.938611 0.063433 0.339096 50.512840 0.000000 0.000000 0.000000 1.000000
0.355769 0.015687 -0.934442 7.294955 -0.041996 0.999117 0.000784 83.124741 0.933630 0.038964 0.356113 48.065086 0.000000 0.000000 0.000000 1.000000
0.387094 0.010285 -0.921983 6.159809 -0.017001 0.999847 0.004015 84.768784 0.921884 0.014121 0.387210 44.865364 0.000000 0.000000 0.000000 1.000000
0.432277 -0.005573 -0.901724 5.082351 0.007595 0.999968 -0.002539 86.642029 0.901709 -0.005751 0.432306 41.150364 0.000000 0.000000 0.000000 1.000000
0.485689 -0.026576 -0.873728 4.264651 0.028096 0.999496 -0.014784 88.488495 0.873680 -0.017367 0.486191 37.440128 0.000000 0.000000 0.000000 1.000000
0.536743 -0.043181 -0.842640 3.808650 0.042085 0.998817 -0.024377 90.148148 0.842695 -0.022378 0.537925 34.129925 0.000000 0.000000 0.000000 1.000000
0.574121 -0.048878 -0.817310 3.675390 0.048256 0.998501 -0.025816 91.634293 0.817347 -0.024619 0.575620 31.067326 0.000000 0.000000 0.000000 1.000000
0.592756 -0.045413 -0.804101 3.787687 0.048031 0.998625 -0.020992 92.805168 0.803948 -0.026179 0.594123 28.538418 0.000000 0.000000 0.000000 1.000000
0.594506 -0.036875 -0.803245 4.012664 0.041258 0.999031 -0.015327 93.740700 0.803032 -0.024028 0.595452 26.403679 0.000000 0.000000 0.000000 1.000000
0.587103 -0.022905 -0.809188 4.242870 0.023972 0.999653 -0.010904 94.345436 0.809157 -0.012996 0.587449 24.553333 0.000000 0.000000 0.000000 1.000000
0.580470 -0.004649 -0.814268 4.328603 -0.001583 0.999975 -0.006838 94.624466 0.814280 0.005258 0.580448 22.798687 0.000000 0.000000 0.000000 1.000000
0.583073 0.014918 -0.812282 4.199367 -0.029124 0.999573 -0.002548 94.410683 0.811897 0.025142 0.583259 21.019464 0.000000 0.000000 0.000000 1.000000
0.596499 0.030502 -0.802034 3.858651 -0.046757 0.998901 0.003214 93.657692 0.801251 0.035584 0.597270 18.968178 0.000000 0.000000 0.000000 1.000000
0.617075 0.039248 -0.785925 3.325979 -0.047153 0.998805 0.012857 92.684067 0.785490 0.029125 0.618188 16.626139 0.000000 0.000000 0.000000 1.000000
0.642164 0.042276 -0.765401 2.564916 -0.034850 0.999056 0.025943 91.745010 0.765775 0.010014 0.643031 14.053167 0.000000 0.000000 0.000000 1.000000
0.671356 0.042123 -0.739937 1.649020 -0.020248 0.999053 0.038502 90.903130 0.740858 -0.010866 0.671574 11.378957 0.000000 0.000000 0.000000 1.000000
0.701524 0.040568 -0.711490 0.791995 -0.008868 0.998798 0.048206 90.236816 0.712590 -0.027508 0.701041 8.777155 0.000000 0.000000 0.000000 1.000000
0.725784 0.038012 -0.686872 0.127717 -0.000469 0.998499 0.054762 89.857254 0.687923 -0.039423 0.724712 6.387897 0.000000 0.000000 0.000000 1.000000
0.740952 0.031797 -0.670804 -0.392666 0.008144 0.998380 0.056320 89.885986 0.671508 -0.047193 0.739493 4.235724 0.000000 0.000000 0.000000 1.000000
0.751763 0.019279 -0.659151 -0.838299 0.019831 0.998459 0.051821 90.264755 0.659135 -0.052029 0.750223 2.372337 0.000000 0.000000 0.000000 1.000000
0.764707 0.004006 -0.644366 -1.193727 0.032369 0.998479 0.044621 90.844582 0.643565 -0.054979 0.763414 0.904718 0.000000 0.000000 0.000000 1.000000
0.780402 -0.007637 -0.625231 -1.445728 0.040841 0.998413 0.038782 91.461433 0.623942 -0.055801 0.779476 -0.140008 0.000000 0.000000 0.000000 1.000000
0.794297 -0.012854 -0.607394 -1.621614 0.042821 0.998474 0.034868 92.004791 0.606019 -0.053704 0.793635 -0.855069 0.000000 0.000000 0.000000 1.000000
0.802577 -0.012790 -0.596412 -1.744745 0.039155 0.998744 0.031272 92.417343 0.595263 -0.048451 0.802069 -1.341955 0.000000 0.000000 0.000000 1.000000
0.804538 -0.009340 -0.593827 -1.815478 0.031595 0.999133 0.027092 92.625847 0.593060 -0.040559 0.804136 -1.585748 0.000000 0.000000 0.000000 1.000000
0.802113 -0.004289 -0.597157 -1.844242 0.022032 0.999506 0.022415 92.577347 0.596766 -0.031136 0.801811 -1.551376 0.000000 0.000000 0.000000 1.000000
0.797211 0.001842 -0.603698 -1.841777 0.011575 0.999765 0.018336 92.275909 0.603590 -0.021606 0.797002 -1.265272 0.000000 0.000000 0.000000 1.000000
0.794033 0.008491 -0.607815 -1.820976 0.002169 0.999856 0.016802 91.802254 0.607871 -0.014660 0.793901 -0.815710 0.000000 0.000000 0.000000 1.000000
0.796676 0.015044 -0.604219 -1.786843 -0.004327 0.999807 0.019188 91.265900 0.604391 -0.012672 0.796587 -0.284579 0.000000 0.000000 0.000000 1.000000
0.804874 0.020859 -0.593079 -1.741003 -0.007833 0.999668 0.024528 90.724182 0.593394 -0.015097 0.804770 0.309800 0.000000 0.000000 0.000000 1.000000
0.814401 0.025370 -0.579748 -1.691892 -0.009624 0.999497 0.030219 90.181641 0.580223 -0.019031 0.814235 0.963312 0.000000 0.000000 0.000000 1.000000
0.821597 0.028516 -0.569355 -1.651325 -0.010016 0.999316 0.035598 89.634651 0.569980 -0.023544 0.821321 1.677010 0.000000 0.000000 0.000000 1.000000</float_array><technique_common><accessor source="#mixamorig_Hips-Matrix-animation-output-transform-array" count="53" stride="16"><param type="float4x4"/></accessor></technique_common></source><source id="mixamorig_Hips-Interpolations"><Name_array id="mixamorig_Hips-Interpolations-array" count="53">
 LINEAR LINEAR LINEAR LINEAR LINEAR LINEAR LINEAR LINEAR LINEAR LINEAR LINEAR
LINEAR LINEAR LINEAR LINEAR LINEAR LINEAR LINEAR LINEAR LINEAR LINEAR LINEAR LINEAR
LINEAR LINEAR LINEAR LINEAR LINEAR LINEAR LINEAR LINEAR LINEAR LINEAR LINEAR LINEAR
LINEAR LINEAR LINEAR LINEAR LINEAR LINEAR LINEAR LINEAR LINEAR LINEAR LINEAR LINEAR
LINEAR LINEAR LINEAR LINEAR LINEAR LINEAR</Name_array><technique_common><accessor source="#mixamorig_Hips-Interpolations-array" count="53"><param type="name"/></accessor></technique_common></source><sampler id="mixamorig_Hips-Matrix-animation-transform"><input semantic="INPUT" source="#mixamorig_Hips-Matrix-animation-input"/><input semantic="OUTPUT" source="#mixamorig_Hips-Matrix-animation-output-transform"/><input semantic="INTERPOLATION" source="#mixamorig_Hips-Interpolations"/></sampler><channel source="#mixamorig_Hips-Matrix-animation-transform" target="mixamorig_Hips/matrix"/></animation>
    <animation id="mixamorig_Spine-anim" name="mixamorig_Spine"><source id="mixamorig_Spine-Matrix-animation-input"><float_array id="mixamorig_Spine-Matrix-animation-input-array" count="53">

0.000000 0.033333 0.066667 0.100000 0.133333 0.166667 0.200000 0.233333 0.266667 0.300000 0.333333 0.366667 0.400000 0.433333 0.466667 0.500000
0.533333 0.566667 0.600000 0.633333 0.666667 0.700000 0.733333 0.766667 0.800000 0.833333 0.866667 0.900000 0.933333 0.966667 1.000000 1.033333
1.066667 1.100000 1.133333 1.166667 1.200000 1.233333 1.266667 1.300000 1.333333 1.366667 1.400000 1.433333 1.466667 1.500000 1.533333 1.566667
1.600000 1.633333 1.666667 1.700000 1.733333</float_array><technique_common><accessor source="#mixamorig_Spine-Matrix-animation-input-array" count="53"><param name="TIME" type="float"/></accessor></technique_common></source><source id="mixamorig_Spine-Matrix-animation-output-transform"><float_array id="mixamorig_Spine-Matrix-animation-output-transform-array" count="848">

0.999118 -0.034103 0.024481 0.000000 0.035983 0.996065 -0.080992 10.181600 -0.021623 0.081801 0.996414 0.131500 0.000000 0.000000 0.000000 1.000000
0.999102 -0.033458 0.025997 0.000000 0.035569 0.995700 -0.085535 10.181600 -0.023023 0.086383 0.995996 0.131500 0.000000 0.000000 0.000000 1.000000
0.999011 -0.033679 0.029026 0.000000 0.036270 0.994920 -0.093910 10.181600 -0.025716 0.094870 0.995158 0.131500 0.000000 0.000000 0.000000 1.000000
0.998842 -0.033931 0.034121 -0.000000 0.037341 0.993788 -0.104843 10.181600 -0.030352 0.105995 0.993903 0.131500 0.000000 0.000000 0.000000 1.000000
0.998676 -0.031455 0.040699 0.000000 0.035893 0.992907 -0.113350 10.181600 -0.036844 0.114661 0.992721 0.131500 0.000000 0.000000 0.000000 1.000000
0.998664 -0.022845 0.046349 0.000000 0.028085 0.992880 -0.115765 10.181600 -0.043375 0.116912 0.992195 0.131500 0.000000 0.000000 0.000000 1.000000
0.998823 -0.008146 0.047813 0.000000 0.013538 0.993439 -0.113559 10.181600 -0.046574 0.114073 0.992380 0.131500 0.000000 0.000000 0.000000 1.000000
0.998980 0.010472 0.043927 0.000000 -0.005515 0.993750 -0.111489 10.181600 -0.044820 0.111133 0.992794 0.131500 0.000000 0.000000 0.000000 1.000000
0.998968 0.027956 0.035805 0.000000 -0.023799 0.993458 -0.111687 10.181600 -0.038693 0.110720 0.993098 0.131500 0.000000 0.000000 0.000000 1.000000
0.999033 0.036269 0.024846 0.000000 -0.033289 0.993223 -0.111355 10.181600 -0.028716 0.110421 0.993470 0.131500 0.000000 0.000000 0.000000 1.000000
0.999398 0.032391 0.012466 -0.000000 -0.030845 0.993579 -0.108851 10.181600 -0.015912 0.108401 0.993980 0.131500 0.000000 0.000000 0.000000 1.000000
0.999685 0.025093 0.000268 0.000000 -0.024915 0.993766 -0.108666 10.181600 -0.002993 0.108625 0.994078 0.131500 0.000000 0.000000 0.000000 1.000000
0.999600 0.026719 -0.009231 0.000000 -0.027617 0.992742 -0.117050 10.181600 0.006036 0.117258 0.993083 0.131500 0.000000 0.000000 0.000000 1.000000
0.999232 0.037066 -0.012735 -0.000000 -0.038433 0.990344 -0.133195 10.181600 0.007675 0.133582 0.991008 0.131500 0.000000 0.000000 0.000000 1.000000
0.998772 0.048650 -0.009343 -0.000000 -0.049499 0.987635 -0.148751 10.181600 0.001991 0.149030 0.988831 0.131500 0.000000 0.000000 0.000000 1.000000
0.998570 0.053451 -0.000695 0.000000 -0.052897 0.986191 -0.156937 10.181600 -0.007703 0.156749 0.987608 0.131500 0.000000 0.000000 0.000000 1.000000
0.998585 0.052474 0.008679 -0.000000 -0.050436 0.986042 -0.158672 10.181600 -0.016884 0.158010 0.987293 0.131500 0.000000 0.000000 0.000000 1.000000
0.998597 0.050874 0.014688 0.000000 -0.047906 0.986161 -0.158720 10.181600 -0.022560 0.157793 0.987214 0.131500 0.000000 0.000000 0.000000 1.000000
0.998584 0.050551 0.016598 0.000000 -0.047277 0.986139 -0.159043 10.181600 -0.024408 0.158033 0.987132 0.131500 0.000000 0.000000 0.000000 1.000000
0.998621 0.049855 0.016479 0.000000 -0.046631 0.986311 -0.158164 10.181600 -0.024138 0.157177 0.987275 0.131500 0.000000 0.000000 0.000000 1.000000
0.998757 0.047012 0.016535 0.000000 -0.043894 0.986964 -0.154839 10.181600 -0.023599 0.153921 0.987801 0.131500 0.000000 0.000000 0.000000 1.000000
0.998959 0.042136 0.017478 0.000000 -0.039056 0.987978 -0.149577 10.181600 -0.023570 0.148738 0.988596 0.131500 0.000000 0.000000 0.000000 1.000000
0.999108 0.037710 0.019028 -0.000000 -0.034608 0.989112 -0.143038 10.181600 -0.024215 0.142252 0.989534 0.131500 0.000000 0.000000 0.000000 1.000000
0.999176 0.034838 0.020815 0.000000 -0.031722 0.990361 -0.134829 10.181600 -0.025312 0.134058 0.990650 0.131500 0.000000 0.000000 0.000000 1.000000
0.999238 0.032083 0.022216 0.000000 -0.029075 0.991788 -0.124544 10.181600 -0.026029 0.123804 0.991965 0.131500 0.000000 0.000000 0.000000 1.000000
0.999369 0.027422 0.022567 0.000000 -0.024686 0.993208 -0.113706 10.181600 -0.025532 0.113077 0.993258 0.131500 0.000000 0.000000 0.000000 1.000000
0.999523 0.021867 0.021796 0.000000 -0.019436 0.994165 -0.106106 10.181600 -0.023989 0.105632 0.994116 0.131500 0.000000 0.000000 0.000000 1.000000
0.999627 0.017168 0.021241 0.000000 -0.014848 0.994371 -0.104906 10.181600 -0.022922 0.104551 0.994255 0.131500 0.000000 0.000000 0.000000 1.000000
0.999679 0.014570 0.020714 0.000000 -0.012220 0.993929 -0.109346 10.181600 -0.022182 0.109058 0.993788 0.131500 0.000000 0.000000 0.000000 1.000000
0.999714 0.012823 0.020184 0.000000 -0.010414 0.993280 -0.115268 10.181600 -0.021527 0.115025 0.993129 0.131500 0.000000 0.000000 0.000000 1.000000
0.999791 0.007603 0.018985 0.000000 -0.005300 0.992933 -0.118554 10.181600 -0.019752 0.118429 0.992766 0.131500 0.000000 0.000000 0.000000 1.000000
0.999861 0.000239 0.016693 -0.000000 0.001728 0.993042 -0.117749 10.181600 -0.016605 0.117762 0.992903 0.131500 0.000000 0.000000 0.000000 1.000000
0.999870 -0.007506 0.014250 0.000000 0.009085 0.993412 -0.114238 10.181600 -0.013299 0.114352 0.993351 0.131500 0.000000 0.000000 0.000000 1.000000
0.999848 -0.011525 0.013057 0.000000 0.012902 0.993750 -0.110879 10.181600 -0.011697 0.111031 0.993748 0.131500 0.000000 0.000000 0.000000 1.000000
0.999859 -0.009400 0.013928 0.000000 0.010869 0.993937 -0.109416 10.181600 -0.012815 0.109552 0.993899 0.131500 0.000000 0.000000 0.000000 1.000000
0.999858 -0.004002 0.016397 0.000000 0.005765 0.994034 -0.108922 10.181600 -0.015863 0.109001 0.993915 0.131500 0.000000 0.000000 0.000000 1.000000
0.999811 -0.001347 0.019398 0.000000 0.003422 0.994215 -0.107349 10.181600 -0.019141 0.107395 0.994032 0.131500 0.000000 0.000000 0.000000 1.000000
0.999739 -0.004462 0.022412 0.000000 0.006772 0.994546 -0.104080 10.181600 -0.021826 0.104205 0.994316 0.131500 0.000000 0.000000 0.000000 1.000000
0.999608 -0.011449 0.025566 0.000000 0.013952 0.994890 -0.099992 10.181600 -0.024291 0.100310 0.994660 0.131500 0.000000 0.000000 0.000000 1.000000
0.999430 -0.017842 0.028649 0.000000 0.020506 0.995212 -0.095570 10.181600 -0.026807 0.096103 0.995010 0.131500 0.000000 0.000000 0.000000 1.000000
0.999310 -0.020911 0.030686 0.000000 0.023608 0.995631 -0.090342 10.181600 -0.028662 0.091004 0.995438 0.131500 0.000000 0.000000 0.000000 1.000000
0.999279 -0.022279 0.030749 0.000000 0.024799 0.996142 -0.084174 10.181600 -0.028755 0.084876 0.995977 0.131500 0.000000 0.000000 0.000000 1.000000
0.999279 -0.024407 0.029097 0.000000 0.026616 0.996589 -0.078113 10.181600 -0.027091 0.078831 0.996520 0.131500 0.000000 0.000000 0.000000 1.000000
0.999256 -0.027574 0.026958 -0.000000 0.029493 0.996852 -0.073591 10.181600 -0.024844 0.074331 0.996924 0.131500 0.000000 0.000000 0.000000 1.000000
0.999211 -0.030510 0.025441 -0.000000 0.032252 0.996945 -0.071131 10.181600 -0.023193 0.071895 0.997142 0.131500 0.000000 0.000000 0.000000 1.000000
0.999160 -0.032555 0.024895 0.000000 0.034227 0.996962 -0.069973 10.181600 -0.022542 0.070766 0.997238 0.131500 0.000000 0.000000 0.000000 1.000000
0.999098 -0.034254 0.025084 -0.000000 0.035912 0.996974 -0.068945 10.181600 -0.022646 0.069784 0.997305 0.131500 0.000000 0.000000 0.000000 1.000000
0.999022 -0.036123 0.025507 -0.000000 0.037782 0.996979 -0.067856 10.181600 -0.022979 0.068754 0.997369 0.131500 0.000000 0.000000 0.000000 1.000000
0.998962 -0.037681 0.025588 0.000000 0.039343 0.996918 -0.067871 10.181600 -0.022952 0.068807 0.997366 0.131500 0.000000 0.000000 0.000000 1.000000
0.998963 -0.038023 0.025041 0.000000 0.039697 0.996748 -0.070132 10.181600 -0.022293 0.071053 0.997223 0.131500 0.000000 0.000000 0.000000 1.000000
0.999021 -0.037000 0.024252 0.000000 0.038705 0.996501 -0.074078 10.181600 -0.021427 0.074944 0.996958 0.131500 0.000000 0.000000 0.000000 1.000000
0.999086 -0.035403 0.023952 0.000000 0.037170 0.996270 -0.077879 10.181600 -0.021106 0.078698 0.996675 0.131500 0.000000 0.000000 0.000000 1.000000
0.999118 -0.034103 0.024481 0.000000 0.035983 0.996065 -0.080992 10.181600 -0.021623 0.081801 0.996414 0.131500 0.000000 0.000000 0.000000 1.000000</float_array><technique_common><accessor source="#mixamorig_Spine-Matrix-animation-output-transform-array" count="53" stride="16"><param type="float4x4"/></accessor></technique_common></source><source id="mixamorig_Spine-Interpolations"><Name_array id="mixamorig_Spine-Interpolations-array" count="53">
 LINEAR LINEAR LINEAR LINEAR LINEAR LINEAR LINEAR LINEAR LINEAR LINEAR LINEAR
LINEAR LINEAR LINEAR LINEAR LINEAR LINEAR LINEAR LINEAR LINEAR LINEAR LINEAR LINEAR
LINEAR LINEAR LINEAR LINEAR LINEAR LINEAR LINEAR LINEAR LINEAR LINEAR LINEAR LINEAR
LINEAR LINEAR LINEAR LINEAR LINEAR LINEAR LINEAR LINEAR LINEAR LINEAR LINEAR LINEAR
LINEAR LINEAR LINEAR LINEAR LINEAR LINEAR</Name_array><technique_common><accessor source="#mixamorig_Spine-Interpolations-array" count="53"><param type="name"/></accessor></technique_common></source><sampler id="mixamorig_Spine-Matrix-animation-transform"><input semantic="INPUT" source="#mixamorig_Spine-Matrix-animation-input"/><input semantic="OUTPUT" source="#mixamorig_Spine-Matrix-animation-output-transform"/><input semantic="INTERPOLATION" source="#mixamorig_Spine-Interpolations"/></sampler><channel source="#mixamorig_Spine-Matrix-animation-transform" target="mixamorig_Spine/matrix"/></animation>
    <animation id="mixamorig_Spine1-anim" name="mixamorig_Spine1"><source id="mixamorig_Spine1-Matrix-animation-input"><float_array id="mixamorig_Spine1-Matrix-animation-input-array" count="53">

0.000000 0.033333 0.066667 0.100000 0.133333 0.166667 0.200000 0.233333 0.266667 0.300000 0.333333 0.366667 0.400000 0.433333 0.466667 0.500000
0.533333 0.566667 0.600000 0.633333 0.666667 0.700000 0.733333 0.766667 0.800000 0.833333 0.866667 0.900000 0.933333 0.966667 1.000000 1.033333
1.066667 1.100000 1.133333 1.166667 1.200000 1.233333 1.266667 1.300000 1.333333 1.366667 1.400000 1.433333 1.466667 1.500000 1.533333 1.566667
1.600000 1.633333 1.666667 1.700000 1.733333</float_array><technique_common><accessor source="#mixamorig_Spine1-Matrix-animation-input-array" count="53"><param name="TIME" type="float"/></accessor></technique_common></source><source id="mixamorig_Spine1-Matrix-animation-output-transform"><float_array id="mixamorig_Spine1-Matrix-animation-output-transform-array" count="848">

0.998503 -0.018638 0.051418 0.000000 0.025067 0.991536 -0.127389 10.083500 -0.048608 0.128487 0.990519 -1.000800 0.000000 0.000000 0.000000 1.000000
0.998383 -0.017288 0.054146 0.000000 0.024314 0.990961 -0.131929 10.083500 -0.051375 0.133032 0.989779 -1.000800 0.000000 0.000000 0.000000 1.000000
0.998084 -0.017039 0.059477 0.000000 0.025210 0.989906 -0.139466 10.083500 -0.056500 0.140698 0.988439 -1.000800 0.000000 0.000000 0.000000 1.000000
0.997542 -0.015404 0.068360 0.000000 0.025457 0.988552 -0.148718 10.083500 -0.065287 0.150092 0.986514 -1.000800 0.000000 0.000000 0.000000 1.000000
0.996773 -0.009024 0.079757 0.000000 0.021308 0.987756 -0.154543 10.083500 -0.077386 0.155744 0.984762 -1.000800 0.000000 0.000000 0.000000 1.000000
0.996013 0.002871 0.089167 0.000000 0.010890 0.988095 -0.153459 10.083500 -0.088546 0.153818 0.984124 -1.000800 0.000000 0.000000 0.000000 1.000000
0.995760 0.017065 0.090395 -0.000000 -0.003496 0.988953 -0.148187 10.083500 -0.091925 0.147243 0.984819 -1.000800 0.000000 0.000000 0.000000 1.000000
0.996378 0.028991 0.079936 0.000000 -0.017120 0.989229 -0.145372 10.083500 -0.083290 0.143477 0.986143 -1.000800 0.000000 0.000000 0.000000 1.000000
0.997575 0.035522 0.059847 0.000000 -0.026245 0.988455 -0.149225 10.083500 -0.064457 0.147292 0.986991 -1.000800 0.000000 0.000000 0.000000 1.000000
0.998759 0.034489 0.035940 0.000000 -0.028481 0.987345 -0.156006 10.083500 -0.040866 0.154789 0.987102 -1.000800 0.000000 0.000000 0.000000 1.000000
0.999537 0.027628 0.012784 0.000000 -0.025223 0.986731 -0.160391 10.083500 -0.017046 0.159994 0.986971 -1.000800 0.000000 0.000000 0.000000 1.000000
0.999718 0.022295 -0.008183 -0.000000 -0.023333 0.986287 -0.163382 10.083500 0.004429 0.163527 0.986529 -1.000800 0.000000 0.000000 0.000000 1.000000
0.999319 0.026566 -0.025602 -0.000000 -0.030572 0.984698 -0.171564 10.083500 0.020652 0.172230 0.984840 -1.000800 0.000000 0.000000 0.000000 1.000000
0.998563 0.040476 -0.035130 -0.000000 -0.046378 0.981092 -0.187902 10.083500 0.026860 0.189261 0.981559 -1.000800 0.000000 0.000000 0.000000 1.000000
0.997945 0.055476 -0.032057 0.000000 -0.060927 0.976477 -0.206837 10.083500 0.019828 0.208365 0.977850 -1.000800 0.000000 0.000000 0.000000 1.000000
0.997814 0.063713 -0.017530 0.000000 -0.066012 0.973174 -0.220396 10.083500 0.003018 0.221071 0.975253 -1.000800 0.000000 0.000000 0.000000 1.000000
0.997879 0.065098 0.000135 0.000000 -0.063377 0.971972 -0.226393 10.083500 -0.014869 0.225904 0.974036 -1.000800 0.000000 0.000000 0.000000 1.000000
0.997836 0.064595 0.012303 0.000000 -0.060094 0.971759 -0.228197 10.083500 -0.026696 0.226964 0.973537 -1.000800 0.000000 0.000000 0.000000 1.000000
0.997713 0.065369 0.017172 0.000000 -0.059729 0.971681 -0.228624 10.083500 -0.031631 0.227076 0.973363 -1.000800 0.000000 0.000000 0.000000 1.000000
0.997600 0.066548 0.019137 -0.000000 -0.060470 0.971905 -0.227475 10.083500 -0.033737 0.225771 0.973596 -1.000800 0.000000 0.000000 0.000000 1.000000
0.997538 0.066334 0.022745 0.000000 -0.059576 0.972749 -0.224076 10.083500 -0.036989 0.222169 0.974306 -1.000800 0.000000 0.000000 0.000000 1.000000
0.997456 0.065159 0.028923 -0.000000 -0.057287 0.974081 -0.218824 10.083500 -0.042432 0.216610 0.975336 -1.000800 0.000000 0.000000 0.000000 1.000000
0.997220 0.065226 0.036032 0.000000 -0.056162 0.975683 -0.211870 10.083500 -0.048975 0.209257 0.976633 -1.000800 0.000000 0.000000 0.000000 1.000000
0.996836 0.067315 0.042259 0.000000 -0.057438 0.977621 -0.202381 10.083500 -0.054936 0.199314 0.978395 -1.000800 0.000000 0.000000 0.000000 1.000000
0.996555 0.068751 0.046388 0.000000 -0.058764 0.980015 -0.190045 10.083500 -0.058527 0.186664 0.980679 -1.000800 0.000000 0.000000 0.000000 1.000000
0.996689 0.065864 0.047671 0.000000 -0.056472 0.982606 -0.176908 10.083500 -0.058493 0.173630 0.983072 -1.000800 0.000000 0.000000 0.000000 1.000000
0.997206 0.058713 0.046188 -0.000000 -0.050232 0.984650 -0.167153 10.083500 -0.055293 0.164366 0.984848 -1.000800 0.000000 0.000000 0.000000 1.000000
0.997739 0.051438 0.043257 0.000000 -0.043689 0.985468 -0.164145 10.083500 -0.051072 0.161884 0.985487 -1.000800 0.000000 0.000000 0.000000 1.000000
0.998065 0.047019 0.040697 0.000000 -0.039585 0.985106 -0.167332 10.083500 -0.047959 0.165397 0.985060 -1.000800 0.000000 0.000000 0.000000 1.000000
0.998297 0.043170 0.039229 -0.000000 -0.035790 0.984365 -0.172464 10.083500 -0.046061 0.170766 0.984234 -1.000800 0.000000 0.000000 0.000000 1.000000
0.998694 0.034455 0.037737 0.000000 -0.027358 0.984255 -0.174625 10.083500 -0.043160 0.173364 0.983912 -1.000800 0.000000 0.000000 0.000000 1.000000
0.999224 0.018744 0.034630 0.000000 -0.012538 0.985116 -0.171435 10.083500 -0.037328 0.170868 0.984587 -1.000800 0.000000 0.000000 0.000000 1.000000
0.999545 0.001275 0.030139 0.000000 0.003707 0.986345 -0.164649 10.083500 -0.029937 0.164686 0.985892 -1.000800 0.000000 0.000000 0.000000 1.000000
0.999601 -0.008852 0.026831 0.000000 0.013004 0.987232 -0.158758 10.083500 -0.025083 0.159043 0.986953 -1.000800 0.000000 0.000000 0.000000 1.000000
0.999604 -0.006942 0.027281 -0.000000 0.011136 0.987578 -0.156734 10.083500 -0.025854 0.156975 0.987264 -1.000800 0.000000 0.000000 0.000000 1.000000
0.999496 0.002889 0.031617 0.000000 0.002116 0.987575 -0.157133 10.083500 -0.031678 0.157120 0.987071 -1.000800 0.000000 0.000000 0.000000 1.000000
0.999208 0.011616 0.038054 0.000000 -0.005524 0.987673 -0.156435 10.083500 -0.039402 0.156101 0.986955 -1.000800 0.000000 0.000000 0.000000 1.000000
0.998887 0.013225 0.045279 0.000000 -0.006126 0.988135 -0.153466 10.083500 -0.046771 0.153017 0.987116 -1.000800 0.000000 0.000000 0.000000 1.000000
0.998553 0.008887 0.053029 0.000000 -0.000847 0.988725 -0.149740 10.083500 -0.053762 0.149478 0.987302 -1.000800 0.000000 0.000000 0.000000 1.000000
0.998164 0.004042 0.060438 0.000000 0.004845 0.989246 -0.146178 10.083500 -0.060379 0.146202 0.987410 -1.000800 0.000000 0.000000 0.000000 1.000000
0.997861 0.002316 0.065330 0.000000 0.006991 0.989860 -0.141874 10.083500 -0.064996 0.142027 0.987727 -1.000800 0.000000 0.000000 0.000000 1.000000
0.997815 0.002727 0.066012 0.000000 0.006304 0.990659 -0.136218 10.083500 -0.065767 0.136337 0.988477 -1.000800 0.000000 0.000000 0.000000 1.000000
0.998003 0.002226 0.063120 0.000000 0.006031 0.991454 -0.130314 10.083500 -0.062871 0.130434 0.989462 -1.000800 0.000000 0.000000 0.000000 1.000000
0.998255 -0.000508 0.059044 0.000000 0.007942 0.992033 -0.125728 10.083500 -0.058509 0.125977 0.990306 -1.000800 0.000000 0.000000 0.000000 1.000000
0.998427 -0.004451 0.055893 0.000000 0.011295 0.992374 -0.122746 10.083500 -0.054921 0.123184 0.990863 -1.000800 0.000000 0.000000 0.000000 1.000000
0.998481 -0.008420 0.054454 0.000000 0.014928 0.992632 -0.120245 10.083500 -0.053041 0.120875 0.991250 -1.000800 0.000000 0.000000 0.000000 1.000000
0.998435 -0.012491 0.054516 -0.000000 0.018812 0.992949 -0.117038 10.083500 -0.052670 0.117881 0.991630 -1.000800 0.000000 0.000000 0.000000 1.000000
0.998329 -0.017044 0.055207 0.000000 0.023230 0.993275 -0.113424 10.083500 -0.052903 0.114517 0.992012 -1.000800 0.000000 0.000000 0.000000 1.000000
0.998248 -0.021318 0.055202 0.000000 0.027379 0.993390 -0.111473 10.083500 -0.052460 0.112789 0.992233 -1.000800 0.000000 0.000000 0.000000 1.000000
0.998274 -0.023712 0.053736 0.000000 0.029683 0.993129 -0.113198 10.083500 -0.050683 0.114598 0.992118 -1.000800 0.000000 0.000000 0.000000 1.000000
0.998391 -0.023404 0.051648 -0.000000 0.029377 0.992568 -0.118095 10.083500 -0.048501 0.119422 0.991658 -1.000800 0.000000 0.000000 0.000000 1.000000
0.998495 -0.021157 0.050606 -0.000000 0.027271 0.991987 -0.123363 10.083500 -0.047591 0.124558 0.991070 -1.000800 0.000000 0.000000 0.000000 1.000000
0.998503 -0.018638 0.051418 0.000000 0.025067 0.991536 -0.127389 10.083500 -0.048608 0.128487 0.990519 -1.000800 0.000000 0.000000 0.000000 1.000000</float_array><technique_common><accessor source="#mixamorig_Spine1-Matrix-animation-output-transform-array" count="53" stride="16"><param type="float4x4"/></accessor></technique_common></source><source id="mixamorig_Spine1-Interpolations"><Name_array id="mixamorig_Spine1-Interpolations-array" count="53">
 LINEAR LINEAR LINEAR LINEAR LINEAR LINEAR LINEAR LINEAR LINEAR LINEAR LINEAR
LINEAR LINEAR LINEAR LINEAR LINEAR LINEAR LINEAR LINEAR LINEAR LINEAR LINEAR LINEAR
LINEAR LINEAR LINEAR LINEAR LINEAR LINEAR LINEAR LINEAR LINEAR LINEAR LINEAR LINEAR
LINEAR LINEAR LINEAR LINEAR LINEAR LINEAR LINEAR LINEAR LINEAR LINEAR LINEAR LINEAR
LINEAR LINEAR LINEAR LINEAR LINEAR LINEAR</Name_array><technique_common><accessor source="#mixamorig_Spine1-Interpolations-array" count="53"><param type="name"/></accessor></technique_common></source><sampler id="mixamorig_Spine1-Matrix-animation-transform"><input semantic="INPUT" source="#mixamorig_Spine1-Matrix-animation-input"/><input semantic="OUTPUT" source="#mixamorig_Spine1-Matrix-animation-output-transform"/><input semantic="INTERPOLATION" source="#mixamorig_Spine1-Interpolations"/></sampler><channel source="#mixamorig_Spine1-Matrix-animation-transform" target="mixamorig_Spine1/matrix"/></animation>
    <animation id="mixamorig_Spine2-anim" name="mixamorig_Spine2"><source id="mixamorig_Spine2-Matrix-animation-input"><float_array id="mixamorig_Spine2-Matrix-animation-input-array" count="53">

0.000000 0.033333 0.066667 0.100000 0.133333 0.166667 0.200000 0.233333 0.266667 0.300000 0.333333 0.366667 0.400000 0.433333 0.466667 0.500000
0.533333 0.566667 0.600000 0.633333 0.666667 0.700000 0.733333 0.766667 0.800000 0.833333 0.866667 0.900000 0.933333 0.966667 1.000000 1.033333
1.066667 1.100000 1.133333 1.166667 1.200000 1.233333 1.266667 1.300000 1.333333 1.366667 1.400000 1.433333 1.466667 1.500000 1.533333 1.566667
1.600000 1.633333 1.666667 1.700000 1.733333</float_array><technique_common><accessor source="#mixamorig_Spine2-Matrix-animation-input-array" count="53"><param name="TIME" type="float"/></accessor></technique_common></source><source id="mixamorig_Spine2-Matrix-animation-output-transform"><float_array id="mixamorig_Spine2-Matrix-animation-output-transform-array" count="848">

0.998349 -0.019244 0.054114 0.000000 0.025958 0.991660 -0.126243 9.100000 -0.051233 0.127439 0.990522 -1.373400 0.000000 0.000000 0.000000 1.000000
0.998219 -0.018041 0.056858 0.000000 0.025359 0.991093 -0.130734 9.100000 -0.053993 0.131943 0.989786 -1.373400 0.000000 0.000000 0.000000 1.000000
0.997904 -0.018151 0.062120 0.000000 0.026609 0.990050 -0.138174 9.100000 -0.058994 0.139538 0.988458 -1.373400 0.000000 0.000000 0.000000 1.000000
0.997348 -0.017169 0.070727 0.000000 0.027469 0.988704 -0.147343 9.100000 -0.067399 0.148895 0.986554 -1.373400 0.000000 0.000000 0.000000 1.000000
0.996595 -0.011627 0.081623 0.000000 0.024076 0.987895 -0.153241 9.100000 -0.078854 0.154684 0.984812 -1.373400 0.000000 0.000000 0.000000 1.000000
0.995906 -0.000441 0.090396 0.000000 0.014282 0.988195 -0.152534 9.100000 -0.089261 0.153201 0.984155 -1.373400 0.000000 0.000000 0.000000 1.000000
0.995772 0.013513 0.090861 0.000000 0.000077 0.988997 -0.147936 9.100000 -0.091860 0.147318 0.984814 -1.373400 0.000000 0.000000 0.000000 1.000000
0.996510 0.025784 0.079392 0.000000 -0.013976 0.989209 -0.145841 9.100000 -0.082296 0.144222 0.986117 -1.373400 0.000000 0.000000 0.000000 1.000000
0.997768 0.033103 0.057986 0.000000 -0.024070 0.988381 -0.150079 9.100000 -0.062280 0.148348 0.986972 -1.373400 0.000000 0.000000 0.000000 1.000000
0.998906 0.032988 0.033131 0.000000 -0.027404 0.987258 -0.156750 9.100000 -0.037880 0.155671 0.987082 -1.373400 0.000000 0.000000 0.000000 1.000000
0.999587 0.026951 0.010009 0.000000 -0.024994 0.986683 -0.160724 9.100000 -0.014207 0.160407 0.986949 -1.373400 0.000000 0.000000 0.000000 1.000000
0.999698 0.022310 -0.010318 -0.000000 -0.023696 0.986295 -0.163283 9.100000 0.006534 0.163478 0.986525 -1.373400 0.000000 0.000000 0.000000 1.000000
0.999252 0.027162 -0.027536 0.000000 -0.031483 0.984753 -0.171088 9.100000 0.022469 0.171827 0.984871 -1.373400 0.000000 0.000000 0.000000 1.000000
0.998430 0.041404 -0.037713 0.000000 -0.047757 0.981175 -0.187123 9.100000 0.029256 0.188630 0.981612 -1.373400 0.000000 0.000000 0.000000 1.000000
0.997784 0.056236 -0.035547 0.000000 -0.062379 0.976559 -0.206014 9.100000 0.023128 0.207775 0.977903 -1.373400 0.000000 0.000000 0.000000 1.000000
0.997731 0.063802 -0.021505 -0.000000 -0.066975 0.973220 -0.219904 9.100000 0.006898 0.220845 0.975284 -1.373400 0.000000 0.000000 0.000000 1.000000
0.997918 0.064382 -0.003842 -0.000000 -0.063579 0.971957 -0.226400 9.100000 -0.010842 0.226173 0.974027 -1.373400 0.000000 0.000000 0.000000 1.000000
0.997956 0.063332 0.008503 0.000000 -0.059718 0.971696 -0.228562 9.100000 -0.022737 0.227587 0.973492 -1.373400 0.000000 0.000000 0.000000 1.000000
0.997863 0.063908 0.013640 0.000000 -0.059094 0.971603 -0.229118 9.100000 -0.027895 0.227822 0.973303 -1.373400 0.000000 0.000000 0.000000 1.000000
0.997749 0.065076 0.016167 -0.000000 -0.059692 0.971834 -0.227981 9.100000 -0.030547 0.226503 0.973531 -1.373400 0.000000 0.000000 0.000000 1.000000
0.997677 0.064871 0.020799 0.000000 -0.058565 0.972697 -0.224568 9.100000 -0.034799 0.222828 0.974236 -1.373400 0.000000 0.000000 0.000000 1.000000
0.997567 0.063679 0.028375 0.000000 -0.055942 0.974061 -0.219260 9.100000 -0.041601 0.217139 0.975254 -1.373400 0.000000 0.000000 0.000000 1.000000
0.997284 0.063739 0.036913 0.000000 -0.054507 0.975710 -0.212176 9.100000 -0.049540 0.209588 0.976534 -1.373400 0.000000 0.000000 0.000000 1.000000
0.996848 0.065874 0.044221 0.000000 -0.055626 0.977700 -0.202505 9.100000 -0.056575 0.199407 0.978282 -1.373400 0.000000 0.000000 0.000000 1.000000
0.996521 0.067447 0.048959 0.000000 -0.057005 0.980134 -0.189966 9.100000 -0.060799 0.186514 0.980569 -1.373400 0.000000 0.000000 0.000000 1.000000
0.996620 0.064778 0.050518 -0.000000 -0.054923 0.982744 -0.176631 9.100000 -0.061088 0.173259 0.982980 -1.373400 0.000000 0.000000 0.000000 1.000000
0.997119 0.057826 0.049092 0.000000 -0.048902 0.984786 -0.166748 9.100000 -0.057988 0.163867 0.984777 -1.373400 0.000000 0.000000 0.000000 1.000000
0.997660 0.050609 0.045977 0.000000 -0.042450 0.985588 -0.163749 9.100000 -0.053601 0.161414 0.985430 -1.373400 0.000000 0.000000 0.000000 1.000000
0.998009 0.046094 0.043043 0.000000 -0.038298 0.985204 -0.167052 9.100000 -0.050106 0.165071 0.985008 -1.373400 0.000000 0.000000 0.000000 1.000000
0.998262 0.042114 0.041223 0.000000 -0.034416 0.984446 -0.172284 9.100000 -0.047837 0.170566 0.984184 -1.373400 0.000000 0.000000 0.000000 1.000000
0.998659 0.033371 0.039591 0.000000 -0.025976 0.984325 -0.174438 9.100000 -0.044791 0.173176 0.983872 -1.373400 0.000000 0.000000 0.000000 1.000000
0.999176 0.017783 0.036492 0.000000 -0.011282 0.985179 -0.171159 9.100000 -0.038995 0.170606 0.984567 -1.373400 0.000000 0.000000 0.000000 1.000000
0.999490 0.000509 0.031925 0.000000 0.004745 0.986399 -0.164298 9.100000 -0.031575 0.164366 0.985894 -1.373400 0.000000 0.000000 0.000000 1.000000
0.999553 -0.009486 0.028346 0.000000 0.013861 0.987277 -0.158404 9.100000 -0.026482 0.158726 0.986967 -1.373400 0.000000 0.000000 0.000000 1.000000
0.999565 -0.007592 0.028492 0.000000 0.011960 0.987617 -0.156426 9.100000 -0.026951 0.156698 0.987279 -1.373400 0.000000 0.000000 0.000000 1.000000
0.999461 0.002111 0.032764 0.000000 0.003056 0.987617 -0.156852 9.100000 -0.032689 0.156867 0.987079 -1.373400 0.000000 0.000000 0.000000 1.000000
0.999162 0.010695 0.039514 0.000000 -0.004399 0.987733 -0.156092 9.100000 -0.040699 0.155787 0.986952 -1.373400 0.000000 0.000000 0.000000 1.000000
0.998804 0.012208 0.047347 0.000000 -0.004829 0.988226 -0.152926 9.100000 -0.048656 0.152515 0.987103 -1.373400 0.000000 0.000000 0.000000 1.000000
0.998413 0.007820 0.055773 0.000000 0.000572 0.988853 -0.148895 9.100000 -0.056316 0.148691 0.987279 -1.373400 0.000000 0.000000 0.000000 1.000000
0.997964 0.002974 0.063712 0.000000 0.006310 0.989409 -0.145016 9.100000 -0.063469 0.145123 0.987376 -1.373400 0.000000 0.000000 0.000000 1.000000
0.997621 0.001320 0.068921 0.000000 0.008396 0.990047 -0.140487 9.100000 -0.068421 0.140732 0.987681 -1.373400 0.000000 0.000000 0.000000 1.000000
0.997561 0.001891 0.069769 0.000000 0.007545 0.990853 -0.134735 9.100000 -0.069386 0.134932 0.988422 -1.373400 0.000000 0.000000 0.000000 1.000000
0.997755 0.001586 0.066955 -0.000000 0.007069 0.991641 -0.128831 9.100000 -0.066600 0.129015 0.989404 -1.373400 0.000000 0.000000 0.000000 1.000000
0.998022 -0.000990 0.062865 0.000000 0.008814 0.992206 -0.124296 9.100000 -0.062252 0.124605 0.990252 -1.373400 0.000000 0.000000 0.000000 1.000000
0.998212 -0.004859 0.059583 -0.000000 0.012077 0.992532 -0.121384 9.100000 -0.058548 0.121887 0.990816 -1.373400 0.000000 0.000000 0.000000 1.000000
0.998282 -0.008829 0.057930 0.000000 0.015682 0.992777 -0.118942 9.100000 -0.056461 0.119646 0.991210 -1.373400 0.000000 0.000000 0.000000 1.000000
0.998245 -0.012937 0.057782 0.000000 0.019570 0.993085 -0.115756 9.100000 -0.055885 0.116684 0.991596 -1.373400 0.000000 0.000000 0.000000 1.000000
0.998144 -0.017532 0.058323 0.000000 0.024000 0.993404 -0.112130 9.100000 -0.055972 0.113322 0.991981 -1.373400 0.000000 0.000000 0.000000 1.000000
0.998066 -0.021837 0.058205 0.000000 0.028162 0.993513 -0.110173 9.100000 -0.055421 0.111599 0.992207 -1.373400 0.000000 0.000000 0.000000 1.000000
0.998101 -0.024243 0.056626 0.000000 0.030476 0.993248 -0.111934 9.100000 -0.053530 0.113447 0.992101 -1.373400 0.000000 0.000000 0.000000 1.000000
0.998231 -0.023940 0.054427 0.000000 0.030181 0.992686 -0.116895 9.100000 -0.051230 0.118331 0.991652 -1.373400 0.000000 0.000000 0.000000 1.000000
0.998342 -0.021710 0.053313 0.000000 0.028101 0.992106 -0.122213 9.100000 -0.050239 0.123508 0.991071 -1.373400 0.000000 0.000000 0.000000 1.000000
0.998349 -0.019244 0.054114 0.000000 0.025958 0.991660 -0.126243 9.100000 -0.051233 0.127439 0.990522 -1.373400 0.000000 0.000000 0.000000 1.000000</float_array><technique_common><accessor source="#mixamorig_Spine2-Matrix-animation-output-transform-array" count="53" stride="16"><param type="float4x4"/></accessor></technique_common></source><source id="mixamorig_Spine2-Interpolations"><Name_array id="mixamorig_Spine2-Interpolations-array" count="53">
