<?xml version="1.0" encoding="utf-8"?>
<COLLADA xmlns="http://www.collada.org/2005/11/COLLADASchema" version="1.4.1">
  <asset><contributor><author>Mixamo</author><authoring_tool>COLLADA Mixamo exporter</authoring_tool><comments></comments></contributor><created>2021-04-18T12:43:34Z</created><modified>2021-04-18T12:43:34Z</modified><revision></revision><title></title><unit meter="0.010000"/><up_axis>Y_UP</up_axis></asset>
  <library_animations>
    <animation id="mixamorig_Hips-anim" name="mixamorig_Hips"><source id="mixamorig_Hips-Matrix-animation-input"><float_array id="mixamorig_Hips-Matrix-animation-input-array" count="147">

0.000000 0.033333 0.066667 0.100000 0.133333 0.166667 0.200000 0.233333 0.266667 0.300000 0.333333 0.366667 0.400000 0.433333 0.466667 0.500000
0.533333 0.566667 0.600000 0.633333 0.666667 0.700000 0.733333 0.766667 0.800000 0.833333 0.866667 0.900000 0.933333 0.966667 1.000000 1.033333
1.066667 1.100000 1.133333 1.166667 1.200000 1.233333 1.266667 1.300000 1.333333 1.366667 1.400000 1.433333 1.466667 1.500000 1.533333 1.566667
1.600000 1.633333 1.666667 1.700000 1.733333 1.766667 1.800000 1.833333 1.866667 1.900000 1.933333 1.966667 2.000000 2.033333 2.066667 2.100000
2.133333 2.166667 2.200000 2.233333 2.266667 2.300000 2.333333 2.366667 2.400000 2.433333 2.466667 2.500000 2.533333 2.566667 2.600000 2.633333
2.666667 2.700000 2.733333 2.766667 2.800000 2.833333 2.866667 2.900000 2.933333 2.966667 3.000000 3.033333 3.066667 3.100000 3.133333 3.166667
3.200000 3.233333 3.266667 3.300000 3.333333 3.366667 3.400000 3.433333 3.466667 3.500000 3.533333 3.566667 3.600000 3.633333 3.666667 3.700000
3.733333 3.766667 3.800000 3.833333 3.866667 3.900000 3.933333 3.966667 4.000000 4.033333 4.066667 4.100000 4.133333 4.166667 4.200000 4.233333
4.266667 4.300000 4.333333 4.366667 4.400000 4.433333 4.466667 4.500000 4.533333 4.566667 4.600000 4.633333 4.666667 4.700000 4.733333 4.766667
4.800000 4.833333 4.866667</float_array><technique_common><accessor source="#mixamorig_Hips-Matrix-animation-input-array" count="147"><param name="TIME" type="float"/></accessor></technique_common></source><source id="mixamorig_Hips-Matrix-animation-output-transform"><float_array id="mixamorig_Hips-Matrix-animation-output-transform-array" count="2352">

0.949347 -0.291942 0.116236 -0.643863 0.209649 0.864002 0.457763 82.179993 -0.234069 -0.410207 0.881443 -0.025654 0.000000 0.000000 0.000000 1.000000
0.962988 -0.248571 0.104243 -1.701475 0.179585 0.880072 0.439572 82.149124 -0.201006 -0.404582 0.892138 -3.213823 0.000000 0.000000 0.000000 1.000000
0.974506 -0.209145 0.081223 -2.437943 0.155619 0.890857 0.426798 83.182869 -0.161621 -0.403277 0.900692 -6.164112 0.000000 0.000000 0.000000 1.000000
0.982885 -0.176925 0.051333 -3.131930 0.139870 0.898044 0.417077 84.412506 -0.119890 -0.402758 0.907421 -9.000911 0.000000 0.000000 0.000000 1.000000
0.988767 -0.148138 0.019858 -3.932903 0.127265 0.904123 0.407880 85.481979 -0.078377 -0.400771 0.912820 -11.937889 0.000000 0.000000 0.000000 1.000000
0.992413 -0.122543 -0.010032 -4.972812 0.116466 0.910768 0.396153 86.522377 -0.039409 -0.394316 0.918130 -15.028820 0.000000 0.000000 0.000000 1.000000
0.994945 -0.094658 -0.033516 -6.453841 0.100291 0.920001 0.378867 87.888046 -0.005028 -0.380313 0.924844 -18.263384 0.000000 0.000000 0.000000 1.000000
0.996544 -0.067698 -0.048137 -8.511774 0.080363 0.932380 0.352435 89.688416 0.021023 -0.355085 0.934598 -21.560652 0.000000 0.000000 0.000000 1.000000
0.998331 -0.048711 -0.031036 -12.085764 0.055619 0.955661 0.289170 92.840263 0.015574 -0.290414 0.956774 -24.771116 0.000000 0.000000 0.000000 1.000000
0.999521 -0.030955 -0.000070 -16.234056 0.030296 0.977772 0.207471 96.545296 -0.006354 -0.207374 0.978241 -27.888006 0.000000 0.000000 0.000000 1.000000
0.998930 -0.013328 0.044282 -20.513697 0.007666 0.992046 0.125639 100.202454 -0.045604 -0.125166 0.991087 -30.823059 0.000000 0.000000 0.000000 1.000000
0.994581 0.007320 0.103709 -25.000521 -0.014281 0.997681 0.066542 103.290184 -0.102982 -0.067662 0.992379 -33.818863 0.000000 0.000000 0.000000 1.000000
0.988156 -0.001909 0.153442 -29.377201 -0.002039 0.999671 0.025564 105.626808 -0.153441 -0.025574 0.987827 -36.714630 0.000000 0.000000 0.000000 1.000000
0.988885 0.010211 0.148331 -33.389420 -0.007595 0.999806 -0.018192 106.763939 -0.148488 0.016863 0.988770 -39.080666 0.000000 0.000000 0.000000 1.000000
0.991210 0.043158 0.125059 -37.594532 -0.036495 0.997814 -0.055088 106.214287 -0.127163 0.050040 0.990619 -41.418224 0.000000 0.000000 0.000000 1.000000
0.989138 0.062477 0.133053 -41.644676 -0.050512 0.994525 -0.091478 104.627388 -0.138040 0.083764 0.986878 -43.699951 0.000000 0.000000 0.000000 1.000000
0.985712 0.097008 0.137697 -45.419109 -0.079826 0.988908 -0.125254 101.594597 -0.148320 0.112473 0.982523 -46.265465 0.000000 0.000000 0.000000 1.000000
0.987635 0.092872 0.126299 -49.359543 -0.076720 0.988902 -0.127231 98.477448 -0.136714 0.115968 0.983799 -48.990913 0.000000 0.000000 0.000000 1.000000
0.993441 0.046459 0.104484 -53.921879 -0.036816 0.995041 -0.092398 96.675087 -0.108258 0.087945 0.990225 -51.072758 0.000000 0.000000 0.000000 1.000000
0.995534 0.029051 0.089820 -59.249622 -0.022932 0.997393 -0.068427 96.431839 -0.091574 0.066062 0.993605 -52.585346 0.000000 0.000000 0.000000 1.000000
0.995674 0.035042 0.086059 -64.108063 -0.029630 0.997550 -0.063371 98.828209 -0.088069 0.060547 0.994273 -53.417938 0.000000 0.000000 0.000000 1.000000
0.997326 0.064181 0.034949 -67.773170 -0.062208 0.996553 -0.054880 101.797836 -0.038351 0.052559 0.997881 -53.357708 0.000000 0.000000 0.000000 1.000000
0.993689 0.112011 -0.006032 -71.244659 -0.112159 0.992976 -0.037670 104.048576 0.001771 0.038109 0.999272 -52.599670 0.000000 0.000000 0.000000 1.000000
0.993579 0.111704 0.017994 -75.212158 -0.110952 0.993082 -0.038444 106.022148 -0.022164 0.036201 0.999099 -51.070034 0.000000 0.000000 0.000000 1.000000
0.987096 0.111080 0.115339 -78.630730 -0.106256 0.993219 -0.047183 106.774910 -0.119798 0.034318 0.992205 -49.437363 0.000000 0.000000 0.000000 1.000000
0.970300 0.126284 0.206327 -81.853218 -0.113315 0.990833 -0.073557 106.318108 -0.213724 0.047992 0.975714 -47.366150 0.000000 0.000000 0.000000 1.000000
0.954247 0.159182 0.253126 -85.106812 -0.132326 0.983927 -0.119906 104.840782 -0.268145 0.080925 0.959974 -45.205482 0.000000 0.000000 0.000000 1.000000
0.936004 0.210177 0.282352 -88.565445 -0.175662 0.974048 -0.142736 102.589256 -0.305024 0.084003 0.948633 -43.695271 0.000000 0.000000 0.000000 1.000000
0.926417 0.232230 0.296346 -92.750359 -0.205179 0.971366 -0.119789 99.443619 -0.315679 0.050171 0.947539 -42.872166 0.000000 0.000000 0.000000 1.000000
0.929603 0.220104 0.295623 -96.945595 -0.207300 0.975445 -0.074393 95.505234 -0.304738 0.007874 0.952404 -42.646606 0.000000 0.000000 0.000000 1.000000
0.931448 0.205961 0.299975 -100.381050 -0.203979 0.978227 -0.038271 92.105713 -0.301326 -0.025542 0.953179 -43.070576 0.000000 0.000000 0.000000 1.000000
0.934732 0.203294 0.291457 -103.343651 -0.210621 0.977547 -0.006364 90.131699 -0.286207 -0.055439 0.956563 -44.097759 0.000000 0.000000 0.000000 1.000000
0.946475 0.190366 0.260665 -105.617592 -0.203144 0.978885 0.022727 89.938789 -0.250835 -0.074464 0.965162 -45.214222 0.000000 0.000000 0.000000 1.000000
0.962376 0.166789 0.214508 -106.938026 -0.179574 0.982872 0.041425 90.854248 -0.203925 -0.078387 0.975843 -46.966286 0.000000 0.000000 0.000000 1.000000
0.972251 0.150208 0.179350 -107.646324 -0.161396 0.985651 0.049424 92.586472 -0.169352 -0.076999 0.982543 -49.776993 0.000000 0.000000 0.000000 1.000000
0.976922 0.142391 0.159210 -108.294678 -0.151399 0.987407 0.045891 94.697517 -0.150671 -0.068936 0.986178 -53.505032 0.000000 0.000000 0.000000 1.000000
0.979412 0.141373 0.144103 -109.136688 -0.146333 0.988935 0.024367 96.752991 -0.139064 -0.044952 0.989263 -57.610283 0.000000 0.000000 0.000000 1.000000
0.981362 0.147053 0.123707 -110.092598 -0.144858 0.989095 -0.026602 98.418182 -0.126269 0.008186 0.991962 -61.431812 0.000000 0.000000 0.000000 1.000000
0.981224 0.160371 0.107148 -111.153999 -0.149637 0.983497 -0.101698 98.988899 -0.121689 0.083755 0.989028 -64.478523 0.000000 0.000000 0.000000 1.000000
0.978154 0.178911 0.105855 -111.965897 -0.160490 0.973574 -0.162470 98.292992 -0.132126 0.141932 0.981019 -66.668213 0.000000 0.000000 0.000000 1.000000
0.978553 0.186818 0.086799 -112.309731 -0.166829 0.965883 -0.198085 96.864426 -0.120844 0.179356 0.976334 -68.139854 0.000000 0.000000 0.000000 1.000000
0.980816 0.189131 0.047210 -112.387421 -0.176901 0.965318 -0.192007 95.342171 -0.081887 0.179972 0.980257 -68.753540 0.000000 0.000000 0.000000 1.000000
0.985319 0.165606 0.041484 -112.186378 -0.157288 0.975055 -0.156614 94.127129 -0.066385 0.147790 0.986788 -68.478676 0.000000 0.000000 0.000000 1.000000
0.991273 0.121208 0.051835 -111.759483 -0.115600 0.988235 -0.100137 93.496490 -0.063363 0.093271 0.993622 -67.064865 0.000000 0.000000 0.000000 1.000000
0.996391 0.077353 0.034959 -111.094917 -0.075934 0.996301 -0.040240 92.958138 -0.037942 0.037440 0.998578 -64.568947 0.000000 0.000000 0.000000 1.000000
0.998593 0.053030 0.000438 -110.185555 -0.053024 0.998555 -0.008771 92.447052 -0.000902 0.008735 0.999961 -61.817108 0.000000 0.000000 0.000000 1.000000
0.998184 0.045048 -0.039994 -109.279770 -0.044392 0.998867 0.017129 92.069473 0.040720 -0.015322 0.999053 -60.193729 0.000000 0.000000 0.000000 1.000000
0.995791 0.039157 -0.082863 -108.426735 -0.032877 0.996578 0.075839 90.983681 0.085549 -0.072796 0.993671 -60.176861 0.000000 0.000000 0.000000 1.000000
0.992692 0.033283 -0.115995 -107.452141 -0.016057 0.989096 0.146394 88.498367 0.119603 -0.143461 0.982402 -60.875446 0.000000 0.000000 0.000000 1.000000
0.987812 0.031586 -0.152412 -106.267517 0.000875 0.978050 0.208368 84.864967 0.155648 -0.205962 0.966102 -61.659492 0.000000 0.000000 0.000000 1.000000
0.981488 0.031380 -0.188938 -105.135872 0.021497 0.962204 0.271481 79.900276 0.190316 -0.270516 0.943716 -62.092140 0.000000 0.000000 0.000000 1.000000
0.977911 0.027139 -0.207252 -104.162529 0.046843 0.937861 0.343836 73.522720 0.203704 -0.345949 0.915873 -62.169933 0.000000 0.000000 0.000000 1.000000
0.975315 0.024625 -0.219441 -103.235313 0.069435 0.909155 0.410628 66.009178 0.209617 -0.415729 0.885003 -62.426464 0.000000 0.000000 0.000000 1.000000
0.975009 0.010748 -0.221907 -102.537216 0.097633 0.876483 0.471429 57.915272 0.199565 -0.481313 0.853529 -62.958366 0.000000 0.000000 0.000000 1.000000
0.973736 0.006797 -0.227578 -102.051392 0.112954 0.853450 0.508788 49.028839 0.197684 -0.521131 0.830267 -63.276020 0.000000 0.000000 0.000000 1.000000
0.972891 0.013303 -0.230882 -101.534348 0.112246 0.845707 0.521709 44.139572 0.202199 -0.533482 0.821287 -63.464584 0.000000 0.000000 0.000000 1.000000
0.972250 0.028609 -0.232188 -100.981392 0.100753 0.844531 0.525944 41.456646 0.211136 -0.534742 0.818213 -63.493748 0.000000 0.000000 0.000000 1.000000
0.970975 0.048922 -0.234124 -100.358673 0.083427 0.848109 0.523213 40.343521 0.224160 -0.527559 0.819411 -63.519806 0.000000 0.000000 0.000000 1.000000
0.968221 0.069062 -0.240372 -99.574608 0.065823 0.856865 0.511322 40.898514 0.241279 -0.510895 0.825088 -63.556755 0.000000 0.000000 0.000000 1.000000
0.963466 0.086239 -0.253567 -98.592300 0.050177 0.871859 0.487179 43.065697 0.263089 -0.482104 0.835679 -63.607311 0.000000 0.000000 0.000000 1.000000
0.955507 0.097226 -0.278485 -97.139343 0.032290 0.903965 0.426386 49.857277 0.293196 -0.416407 0.860605 -63.582478 0.000000 0.000000 0.000000 1.000000
0.947076 0.096182 -0.306262 -95.592461 0.018830 0.935769 0.352111 57.546955 0.320457 -0.339243 0.884433 -63.257885 0.000000 0.000000 0.000000 1.000000
0.936007 0.092121 -0.339713 -93.975861 0.012996 0.955441 0.294897 64.819542 0.351742 -0.280441 0.893102 -62.350494 0.000000 0.000000 0.000000 1.000000
0.916045 0.083830 -0.392217 -92.546585 0.011003 0.972292 0.233510 71.502487 0.400925 -0.218222 0.889741 -61.241692 0.000000 0.000000 0.000000 1.000000
0.900085 0.078142 -0.428649 -91.544914 0.001967 0.983048 0.183337 77.021225 0.435709 -0.165862 0.884674 -59.270046 0.000000 0.000000 0.000000 1.000000
0.881917 0.065678 -0.466808 -90.553749 -0.000489 0.990374 0.138418 80.714600 0.471405 -0.121845 0.873459 -57.334862 0.000000 0.000000 0.000000 1.000000
0.868233 0.063143 -0.492123 -89.406212 -0.009885 0.993873 0.110082 83.491356 0.496059 -0.090712 0.863537 -55.326260 0.000000 0.000000 0.000000 1.000000
0.852477 0.060660 -0.519234 -88.176758 -0.021597 0.996484 0.080957 85.330711 0.522319 -0.057800 0.850789 -53.348049 0.000000 0.000000 0.000000 1.000000
0.833978 0.080258 -0.545929 -87.071243 -0.050891 0.996336 0.068730 85.606506 0.549445 -0.029537 0.835007 -51.517269 0.000000 0.000000 0.000000 1.000000
0.808683 0.092200 -0.580974 -85.718132 -0.070740 0.995716 0.059552 84.696175 0.583975 -0.007061 0.811741 -50.107388 0.000000 0.000000 0.000000 1.000000
0.812157 0.104634 -0.573980 -84.613785 -0.080438 0.994473 0.067472 82.839844 0.577868 -0.008628 0.816085 -48.895523 0.000000 0.000000 0.000000 1.000000
0.832242 0.140377 -0.536346 -83.196327 -0.109584 0.989979 0.089066 81.336411 0.543475 -0.015350 0.839285 -47.614006 0.000000 0.000000 0.000000 1.000000
0.856000 0.138936 -0.497956 -81.236763 -0.107248 0.989980 0.091853 80.760452 0.505728 -0.025222 0.862324 -45.606510 0.000000 0.000000 0.000000 1.000000
0.873532 0.115106 -0.472961 -77.991219 -0.082501 0.992591 0.089195 81.754654 0.479724 -0.038895 0.876557 -42.452702 0.000000 0.000000 0.000000 1.000000
0.883835 0.105937 -0.455645 -73.928352 -0.083129 0.994086 0.069876 84.574921 0.460353 -0.023882 0.887415 -38.622700 0.000000 0.000000 0.000000 1.000000
0.878786 0.075345 -0.471230 -69.815857 -0.073245 0.997053 0.022826 88.862083 0.471561 0.014456 0.881715 -34.625076 0.000000 0.000000 0.000000 1.000000
0.862487 0.049059 -0.503696 -65.841957 -0.050079 0.998679 0.011518 93.842972 0.503596 0.015290 0.863804 -31.423035 0.000000 0.000000 0.000000 1.000000
0.830886 0.023562 -0.555944 -62.107010 -0.008522 0.999525 0.029625 98.437653 0.556378 -0.019877 0.830692 -28.641224 0.000000 0.000000 0.000000 1.000000
0.799530 0.003427 -0.600617 -57.973930 0.029890 0.998518 0.045487 102.282990 0.599882 -0.054321 0.798242 -25.939569 0.000000 0.000000 0.000000 1.000000
0.755173 -0.013145 -0.655394 -53.808609 0.064126 0.996485 0.053902 104.540878 0.652381 -0.082733 0.753362 -22.955709 0.000000 0.000000 0.000000 1.000000
0.693908 -0.025491 -0.719612 -50.052418 0.089873 0.994624 0.051431 105.376434 0.714433 -0.100362 0.692469 -19.864029 0.000000 0.000000 0.000000 1.000000
0.633121 -0.059838 -0.771737 -46.902302 0.119896 0.992556 0.021402 105.329735 0.764711 -0.106078 0.635582 -16.517656 0.000000 0.000000 0.000000 1.000000
0.593571 -0.114520 -0.796592 -44.054016 0.154719 0.987598 -0.026693 104.477493 0.789769 -0.107404 0.603928 -12.974297 0.000000 0.000000 0.000000 1.000000
0.573639 -0.171415 -0.800971 -41.193432 0.204003 0.976943 -0.062972 102.349701 0.793298 -0.127277 0.595382 -9.265285 0.000000 0.000000 0.000000 1.000000
0.548712 -0.208803 -0.809516 -38.006855 0.252947 0.964388 -0.077295 99.398117 0.796827 -0.162352 0.581987 -5.480502 0.000000 0.000000 0.000000 1.000000
0.497411 -0.197899 -0.844641 -33.714451 0.267224 0.961243 -0.067850 96.190804 0.825332 -0.191959 0.531016 -1.634736 0.000000 0.000000 0.000000 1.000000
0.441056 -0.152548 -0.884420 -29.123014 0.248487 0.967681 -0.042989 93.443405 0.862394 -0.200806 0.464707 2.174148 0.000000 0.000000 0.000000 1.000000
0.389996 -0.134349 -0.910963 -25.660896 0.241609 0.969567 -0.039555 91.454498 0.888554 -0.204670 0.410587 5.473608 0.000000 0.000000 0.000000 1.000000
0.337594 -0.130432 -0.932211 -23.521927 0.221653 0.973520 -0.055942 91.076210 0.914822 -0.187742 0.357565 8.130585 0.000000 0.000000 0.000000 1.000000
0.335485 -0.113563 -0.935176 -22.316853 0.184696 0.981370 -0.052915 93.282158 0.923763 -0.154972 0.350209 9.779187 0.000000 0.000000 0.000000 1.000000
0.369480 -0.069100 -0.926666 -22.186066 0.151022 0.988438 -0.013491 96.666687 0.916885 -0.134962 0.375643 10.972649 0.000000 0.000000 0.000000 1.000000
0.401551 -0.004214 -0.915827 -23.397268 0.101404 0.994045 0.039887 99.713150 0.910206 -0.108885 0.399587 12.400576 0.000000 0.000000 0.000000 1.000000
0.400331 0.062927 -0.914207 -25.154331 0.047263 0.994894 0.089177 101.454788 0.915151 -0.078908 0.395313 14.451469 0.000000 0.000000 0.000000 1.000000
0.344279 0.104904 -0.932988 -27.702143 0.020770 0.992644 0.119276 102.419868 0.938638 -0.060442 0.339568 16.648708 0.000000 0.000000 0.000000 1.000000
0.248506 0.131960 -0.959599 -30.718441 -0.004874 0.990835 0.134993 102.714088 0.968618 -0.028869 0.246872 18.497683 0.000000 0.000000 0.000000 1.000000
0.148570 0.152905 -0.977009 -33.584061 -0.029981 0.988216 0.150100 102.361107 0.988447 0.006991 0.151404 19.868065 0.000000 0.000000 0.000000 1.000000
0.076453 0.175295 -0.981543 -35.327538 -0.028190 0.984411 0.173611 101.066673 0.996675 0.014397 0.080203 21.012745 0.000000 0.000000 0.000000 1.000000
0.046530 0.208182 -0.976983 -35.575817 -0.011494 0.978089 0.207870 98.762085 0.998851 0.001557 0.047903 22.281586 0.000000 0.000000 0.000000 1.000000
0.047104 0.215764 -0.975309 -34.347305 -0.003848 0.976424 0.215825 96.826797 0.998883 -0.006414 0.046823 23.308281 0.000000 0.000000 0.000000 1.000000
0.034413 0.173256 -0.984275 -31.727060 -0.000447 0.984861 0.173343 96.107193 0.999408 -0.005526 0.033969 24.426003 0.000000 0.000000 0.000000 1.000000
0.014399 0.105065 -0.994361 -27.688490 0.007013 0.994429 0.105173 96.461098 0.999872 -0.008487 0.013582 25.511208 0.000000 0.000000 0.000000 1.000000
0.009966 0.017698 -0.999794 -22.811712 0.021239 0.999614 0.017907 97.402901 0.999725 -0.021413 0.009586 26.598839 0.000000 0.000000 0.000000 1.000000
0.013065 -0.069677 -0.997484 -17.823164 0.036668 0.996932 -0.069158 98.348526 0.999242 -0.035673 0.015580 27.737587 0.000000 0.000000 0.000000 1.000000
0.010847 -0.140823 -0.989975 -13.436731 0.039489 0.989322 -0.140298 98.135330 0.999161 -0.037571 0.016292 28.620380 0.000000 0.000000 0.000000 1.000000
0.013969 -0.194382 -0.980826 -9.937236 0.048363 0.979905 -0.193511 97.224228 0.998732 -0.044732 0.023089 29.261087 0.000000 0.000000 0.000000 1.000000
0.000924 -0.205992 -0.978553 -6.645123 0.057174 0.976964 -0.205604 96.158798 0.998364 -0.055758 0.012680 30.066017 0.000000 0.000000 0.000000 1.000000
-0.030721 -0.161960 -0.986319 -3.458336 0.049979 0.985301 -0.163350 95.562332 0.998278 -0.054314 -0.022175 31.014782 0.000000 0.000000 0.000000 1.000000
-0.043793 -0.093845 -0.994623 -0.578923 0.026047 0.995133 -0.095040 95.481140 0.998701 -0.030069 -0.041135 31.639067 0.000000 0.000000 0.000000 1.000000
-0.040055 -0.034131 -0.998614 1.762917 0.009969 0.999353 -0.034556 94.984566 0.999148 -0.011339 -0.039689 31.908672 0.000000 0.000000 0.000000 1.000000
-0.021337 0.026178 -0.999430 3.414706 0.006414 0.999640 0.026047 92.920792 0.999752 -0.005854 -0.021497 32.072628 0.000000 0.000000 0.000000 1.000000
0.007742 0.110527 -0.993843 4.397628 0.021894 0.993616 0.110672 88.023865 0.999730 -0.022616 0.005273 32.207573 0.000000 0.000000 0.000000 1.000000
0.020574 0.174872 -0.984376 5.097329 0.024008 0.984214 0.175345 81.705658 0.999500 -0.027241 0.016051 32.433731 0.000000 0.000000 0.000000 1.000000
0.008088 0.239294 -0.970913 5.508323 0.027404 0.970528 0.239427 74.427368 0.999592 -0.028543 0.001292 32.864841 0.000000 0.000000 0.000000 1.000000
-0.009284 0.305949 -0.952003 5.920348 0.034942 0.951561 0.305467 66.714828 0.999346 -0.030429 -0.019524 33.521435 0.000000 0.000000 0.000000 1.000000
-0.032353 0.367563 -0.929436 6.512434 0.046066 0.929483 0.365978 58.295662 0.998414 -0.030975 -0.047003 34.277321 0.000000 0.000000 0.000000 1.000000
-0.046678 0.440806 -0.896388 7.752889 0.036777 0.897516 0.439446 50.014465 0.998233 -0.012454 -0.058106 34.925476 0.000000 0.000000 0.000000 1.000000
-0.044597 0.533290 -0.844756 8.371441 0.024006 0.845925 0.532761 42.314068 0.998717 0.003480 -0.050527 35.224724 0.000000 0.000000 0.000000 1.000000
-0.023561 0.592048 -0.805558 8.821536 0.023325 0.805888 0.591609 37.785583 0.999450 -0.004851 -0.032797 35.054230 0.000000 0.000000 0.000000 1.000000
-0.006035 0.598905 -0.800797 9.378945 0.031915 0.800519 0.598457 36.738419 0.999472 -0.021946 -0.023945 34.554947 0.000000 0.000000 0.000000 1.000000
0.010811 0.584551 -0.811285 10.115997 0.042943 0.810312 0.584423 37.697071 0.999019 -0.041157 -0.016342 33.842018 0.000000 0.000000 0.000000 1.000000
0.029671 0.549972 -0.834656 11.245823 0.053360 0.832961 0.550752 42.002338 0.998134 -0.060879 -0.004632 32.764393 0.000000 0.000000 0.000000 1.000000
0.061053 0.493846 -0.867403 12.209247 0.064469 0.865259 0.497163 48.959732 0.996050 -0.086274 0.020989 31.160690 0.000000 0.000000 0.000000 1.000000
0.087662 0.424810 -0.901028 12.727602 0.063414 0.900296 0.430635 55.824890 0.994130 -0.094888 0.051983 29.531368 0.000000 0.000000 0.000000 1.000000
0.111866 0.351188 -0.929598 13.174440 0.053531 0.931982 0.358530 62.927937 0.992280 -0.089870 0.085458 27.961403 0.000000 0.000000 0.000000 1.000000
0.127163 0.306437 -0.943359 13.637247 0.036046 0.949024 0.313137 70.308243 0.991227 -0.073824 0.109635 26.098244 0.000000 0.000000 0.000000 1.000000
0.140031 0.251710 -0.957619 14.213623 0.002936 0.967038 0.254615 76.832535 0.990143 -0.038465 0.134677 24.527397 0.000000 0.000000 0.000000 1.000000
0.155628 0.211923 -0.964815 14.108647 -0.016643 0.977140 0.211946 81.620300 0.987675 -0.016927 0.155598 23.138475 0.000000 0.000000 0.000000 1.000000
0.168855 0.181143 -0.968853 14.106196 -0.028053 0.983452 0.178983 85.759422 0.985242 -0.003043 0.171142 21.998817 0.000000 0.000000 0.000000 1.000000
0.169527 0.155913 -0.973114 14.133646 -0.034154 0.987743 0.152307 88.566734 0.984934 0.007415 0.172774 21.181435 0.000000 0.000000 0.000000 1.000000
0.168701 0.129840 -0.977078 14.037700 -0.042009 0.991332 0.124481 90.120956 0.984772 0.020046 0.172693 20.281576 0.000000 0.000000 0.000000 1.000000
0.187342 0.118696 -0.975097 14.089073 -0.045393 0.992658 0.112113 90.330124 0.981245 0.023259 0.191355 19.085501 0.000000 0.000000 0.000000 1.000000
0.222087 0.107863 -0.969042 14.504862 -0.056870 0.993603 0.097563 89.860474 0.973367 0.033442 0.226801 17.691706 0.000000 0.000000 0.000000 1.000000
0.247726 0.110618 -0.962494 15.222421 -0.064391 0.993144 0.097567 89.358482 0.966688 0.037806 0.253150 16.466709 0.000000 0.000000 0.000000 1.000000
0.267907 0.133153 -0.954199 15.704313 -0.061534 0.990746 0.120976 88.803673 0.961478 0.026305 0.273621 15.169208 0.000000 0.000000 0.000000 1.000000
0.322591 0.153837 -0.933953 15.645717 -0.044569 0.988078 0.147359 88.743828 0.945489 -0.005911 0.325602 13.967800 0.000000 0.000000 0.000000 1.000000
0.424855 0.183988 -0.886367 14.930722 -0.015415 0.980457 0.196130 90.004448 0.905130 -0.069664 0.419388 12.409770 0.000000 0.000000 0.000000 1.000000
0.538173 0.186939 -0.821842 13.451320 0.002164 0.974783 0.223145 92.718964 0.842832 -0.121869 0.524197 10.520567 0.000000 0.000000 0.000000 1.000000
0.653935 0.120351 -0.746916 11.264839 0.052141 0.977749 0.203195 96.331360 0.754751 -0.171822 0.633109 8.610108 0.000000 0.000000 0.000000 1.000000
0.740871 0.051416 -0.669677 8.717929 0.097994 0.978121 0.183509 99.101944 0.664460 -0.201581 0.719623 7.160694 0.000000 0.000000 0.000000 1.000000
0.825320 0.001440 -0.564664 6.407033 0.124946 0.974743 0.185108 100.175629 0.550669 -0.223326 0.804294 6.295817 0.000000 0.000000 0.000000 1.000000
0.895826 -0.044399 -0.442181 4.094631 0.153131 0.964901 0.213346 99.482841 0.417189 -0.258833 0.871183 5.676168 0.000000 0.000000 0.000000 1.000000
0.944612 -0.089564 -0.315733 1.953657 0.174537 0.951810 0.252181 96.604736 0.277931 -0.293321 0.914722 4.717251 0.000000 0.000000 0.000000 1.000000
0.969472 -0.147381 -0.195965 0.391676 0.202191 0.932631 0.298863 92.232597 0.138716 -0.329362 0.933959 3.924452 0.000000 0.000000 0.000000 1.000000
0.970097 -0.230683 -0.075476 -0.687174 0.242399 0.904909 0.349831 87.600525 -0.012401 -0.357666 0.933767 3.302377 0.000000 0.000000 0.000000 1.000000
0.955642 -0.292884 0.031095 -0.994774 0.256251 0.878842 0.402458 83.995110 -0.145201 -0.376638 0.914910 2.639245 0.000000 0.000000 0.000000 1.000000
0.948139 -0.306710 0.083434 -0.745042 0.242725 0.868118 0.432962 83.013084 -0.205224 -0.390257 0.897542 1.475685 0.000000 0.000000 0.000000 1.000000
0.949341 -0.291952 0.116258 -0.646039 0.209649 0.864002 0.457763 82.180008 -0.234092 -0.410200 0.881440 -0.029901 0.000000 0.000000 0.000000 1.000000</float_array><technique_common><accessor source="#mixamorig_Hips-Matrix-animation-output-transform-array" count="147" stride="16"><param type="float4x4"/></accessor></technique_common></source><source id="mixamorig_Hips-Interpolations"><Name_array id="mixamorig_Hips-Interpolations-array" count="147">
 LINEAR LINEAR LINEAR LINEAR LINEAR LINEAR LINEAR LINEAR LINEAR LINEAR LINEAR
LINEAR LINEAR LINEAR LINEAR LINEAR LINEAR LINEAR LINEAR LINEAR LINEAR LINEAR LINEAR
LINEAR LINEAR LINEAR LINEAR LINEAR LINEAR LINEAR LINEAR LINEAR LINEAR LINEAR LINEAR
LINEAR LINEAR LINEAR LINEAR LINEAR LINEAR LINEAR LINEAR LINEAR LINEAR LINEAR LINEAR
LINEAR LINEAR LINEAR LINEAR LINEAR LINEAR LINEAR LINEAR LINEAR LINEAR LINEAR LINEAR
LINEAR LINEAR LINEAR LINEAR LINEAR LINEAR LINEAR LINEAR LINEAR LINEAR LINEAR LINEAR
LINEAR LINEAR LINEAR LINEAR LINEAR LINEAR LINEAR LINEAR LINEAR LINEAR LINEAR LINEAR
LINEAR LINEAR LINEAR LINEAR LINEAR LINEAR LINEAR LINEAR LINEAR LINEAR LINEAR LINEAR
LINEAR LINEAR LINEAR LINEAR LINEAR LINEAR LINEAR LINEAR LINEAR LINEAR LINEAR LINEAR
LINEAR LINEAR LINEAR LINEAR LINEAR LINEAR LINEAR LINEAR LINEAR LINEAR LINEAR LINEAR
LINEAR LINEAR LINEAR LINEAR LINEAR LINEAR LINEAR LINEAR LINEAR LINEAR LINEAR LINEAR
LINEAR LINEAR LINEAR LINEAR LINEAR LINEAR LINEAR LINEAR LINEAR LINEAR LINEAR LINEAR
LINEAR LINEAR LINEAR LINEAR</Name_array><technique_common><accessor source="#mixamorig_Hips-Interpolations-array" count="147"><param type="name"/></accessor></technique_common></source><sampler id="mixamorig_Hips-Matrix-animation-transform"><input semantic="INPUT" source="#mixamorig_Hips-Matrix-animation-input"/><input semantic="OUTPUT" source="#mixamorig_Hips-Matrix-animation-output-transform"/><input semantic="INTERPOLATION" source="#mixamorig_Hips-Interpolations"/></sampler><channel source="#mixamorig_Hips-Matrix-animation-transform" target="mixamorig_Hips/matrix"/></animation>
    <animation id="mixamorig_Spine-anim" name="mixamorig_Spine"><source id="mixamorig_Spine-Matrix-animation-input"><float_array id="mixamorig_Spine-Matrix-animation-input-array" count="147">

0.000000 0.033333 0.066667 0.100000 0.133333 0.166667 0.200000 0.233333 0.266667 0.300000 0.333333 0.366667 0.400000 0.433333 0.466667 0.500000
0.533333 0.566667 0.600000 0.633333 0.666667 0.700000 0.733333 0.766667 0.800000 0.833333 0.866667 0.900000 0.933333 0.966667 1.000000 1.033333
1.066667 1.100000 1.133333 1.166667 1.200000 1.233333 1.266667 1.300000 1.333333 1.366667 1.400000 1.433333 1.466667 1.500000 1.533333 1.566667
1.600000 1.633333 1.666667 1.700000 1.733333 1.766667 1.800000 1.833333 1.866667 1.900000 1.933333 1.966667 2.000000 2.033333 2.066667 2.100000
2.133333 2.166667 2.200000 2.233333 2.266667 2.300000 2.333333 2.366667 2.400000 2.433333 2.466667 2.500000 2.533333 2.566667 2.600000 2.633333
2.666667 2.700000 2.733333 2.766667 2.800000 2.833333 2.866667 2.900000 2.933333 2.966667 3.000000 3.033333 3.066667 3.100000 3.133333 3.166667
3.200000 3.233333 3.266667 3.300000 3.333333 3.366667 3.400000 3.433333 3.466667 3.500000 3.533333 3.566667 3.600000 3.633333 3.666667 3.700000
3.733333 3.766667 3.800000 3.833333 3.866667 3.900000 3.933333 3.966667 4.000000 4.033333 4.066667 4.100000 4.133333 4.166667 4.200000 4.233333
4.266667 4.300000 4.333333 4.366667 4.400000 4.433333 4.466667 4.500000 4.533333 4.566667 4.600000 4.633333 4.666667 4.700000 4.733333 4.766667
4.800000 4.833333 4.866667</float_array><technique_common><accessor source="#mixamorig_Spine-Matrix-animation-input-array" count="147"><param name="TIME" type="float"/></accessor></technique_common></source><source id="mixamorig_Spine-Matrix-animation-output-transform"><float_array id="mixamorig_Spine-Matrix-animation-output-transform-array" count="2352">

0.983111 -0.069660 -0.169233 0.000000 0.008799 0.941647 -0.336487 10.181600 0.182797 0.329316 0.926357 0.131500 0.000000 0.000000 0.000000 1.000000
0.984816 -0.070488 -0.158646 0.000000 0.004350 0.923592 -0.383352 10.181600 0.173546 0.376841 0.909875 0.131500 0.000000 0.000000 0.000000 1.000000
0.987245 -0.065208 -0.145242 0.000000 -0.004676 0.900006 -0.435852 10.181600 0.159140 0.430972 0.888221 0.131500 0.000000 0.000000 0.000000 1.000000
0.989867 -0.051417 -0.132364 0.000000 -0.020192 0.871704 -0.489616 10.181600 0.140557 0.487327 0.861833 0.131500 0.000000 0.000000 0.000000 1.000000
0.992056 -0.034062 -0.121095 0.000000 -0.037268 0.839845 -0.541545 10.181600 0.120147 0.541756 0.831904 0.131500 0.000000 0.000000 0.000000 1.000000
0.993642 -0.013937 -0.111716 -0.000000 -0.054831 0.806756 -0.588335 10.181600 0.098327 0.590721 0.800863 0.131500 0.000000 0.000000 0.000000 1.000000
0.994759 0.003052 -0.102202 0.000000 -0.066870 0.775580 -0.627697 10.181600 0.077350 0.631242 0.771719 0.131500 0.000000 0.000000 0.000000 1.000000
0.995427 0.019630 -0.093491 0.000000 -0.076479 0.750197 -0.656777 10.181600 0.057244 0.660923 0.748267 0.131500 0.000000 0.000000 0.000000 1.000000
0.994627 0.036464 -0.096893 0.000000 -0.090950 0.754871 -0.649536 10.181600 0.049458 0.654858 0.754132 0.131500 0.000000 0.000000 0.000000 1.000000
0.992890 0.052578 -0.106793 -0.000000 -0.108235 0.772174 -0.626125 10.181600 0.049542 0.633232 0.772375 0.131500 0.000000 0.000000 0.000000 1.000000
0.990036 0.062228 -0.126318 0.000000 -0.126313 0.788953 -0.601331 10.181600 0.062239 0.611295 0.788952 0.131500 0.000000 0.000000 0.000000 1.000000
0.986350 0.055834 -0.154906 0.000000 -0.138046 0.793208 -0.593097 10.181600 0.089757 0.606385 0.790089 0.131500 0.000000 0.000000 0.000000 1.000000
0.979302 0.070141 -0.189864 0.000000 -0.171152 0.787718 -0.591783 10.181600 0.108051 0.612029 0.783419 0.131500 0.000000 0.000000 0.000000 1.000000
0.982711 0.098975 -0.156469 0.000000 -0.172935 0.792519 -0.584813 10.181600 0.066123 0.601761 0.795934 0.131500 0.000000 0.000000 0.000000 1.000000
0.988089 0.111648 -0.105903 0.000000 -0.152510 0.802291 -0.577121 10.181600 0.020531 0.586398 0.809763 0.131500 0.000000 0.000000 0.000000 1.000000
0.989073 0.113074 -0.094597 0.000000 -0.146824 0.813422 -0.562838 10.181600 0.013305 0.570577 0.821136 0.131500 0.000000 0.000000 0.000000 1.000000
0.992037 0.089935 -0.088169 0.000000 -0.123623 0.829150 -0.545185 10.181600 0.024074 0.551744 0.833666 0.131500 0.000000 0.000000 0.000000 1.000000
0.991813 0.096501 -0.083632 0.000000 -0.126613 0.828328 -0.545749 10.181600 0.016610 0.551870 0.833765 0.131500 0.000000 0.000000 0.000000 1.000000
0.986846 0.144734 -0.072021 0.000000 -0.159946 0.809367 -0.565104 10.181600 -0.023498 0.569190 0.821870 0.131500 0.000000 0.000000 0.000000 1.000000
0.984028 0.164886 -0.067089 0.000000 -0.173510 0.804192 -0.568480 10.181600 -0.039782 0.571041 0.819957 0.131500 0.000000 0.000000 0.000000 1.000000
0.983318 0.170743 -0.062702 0.000000 -0.176381 0.810860 -0.558028 10.181600 -0.044437 0.559779 0.827450 0.131500 0.000000 0.000000 0.000000 1.000000
0.984776 0.173236 -0.014340 0.000000 -0.153100 0.825319 -0.543515 10.181600 -0.082321 0.537436 0.839277 0.131500 0.000000 0.000000 0.000000 1.000000
0.987140 0.156630 0.031968 0.000000 -0.117401 0.846042 -0.520029 10.181600 -0.108498 0.509588 0.853550 0.131500 0.000000 0.000000 0.000000 1.000000
0.985470 0.168411 0.022073 0.000000 -0.137209 0.865933 -0.480972 10.181600 -0.100115 0.470955 0.876458 0.131500 0.000000 0.000000 0.000000 1.000000
0.990217 0.137412 -0.024270 0.000000 -0.133697 0.884499 -0.446975 10.181600 -0.039953 0.445847 0.894217 0.131500 0.000000 0.000000 0.000000 1.000000
0.993255 0.101005 -0.056942 0.000000 -0.115326 0.911446 -0.394924 10.181600 0.012011 0.398828 0.916947 0.131500 0.000000 0.000000 0.000000 1.000000
0.994485 0.077192 -0.070998 0.000000 -0.095733 0.944605 -0.313937 10.181600 0.042831 0.319002 0.946786 0.131500 0.000000 0.000000 0.000000 1.000000
0.995061 0.041059 -0.090375 0.000000 -0.063878 0.961749 -0.266379 10.181600 0.075981 0.270836 0.959622 0.131500 0.000000 0.000000 0.000000 1.000000
0.991909 0.039926 -0.120508 0.000000 -0.071104 0.961117 -0.266830 10.181600 0.105169 0.273240 0.956180 0.131500 0.000000 0.000000 0.000000 1.000000
0.987081 0.065771 -0.146102 0.000000 -0.105589 0.952869 -0.284415 10.181600 0.120510 0.296167 0.947503 0.131500 0.000000 0.000000 0.000000 1.000000
0.982933 0.078633 -0.166313 0.000000 -0.127597 0.942649 -0.308433 10.181600 0.132522 0.324390 0.936594 0.131500 0.000000 0.000000 0.000000 1.000000
0.985090 0.084689 -0.149750 0.000000 -0.132213 0.929615 -0.343999 10.181600 0.110077 0.358668 0.926952 0.131500 0.000000 0.000000 0.000000 1.000000
0.984152 0.109069 -0.139814 0.000000 -0.153482 0.918833 -0.363578 10.181600 0.088811 0.379275 0.921012 0.131500 0.000000 0.000000 0.000000 1.000000
0.981192 0.132663 -0.140224 0.000000 -0.177225 0.907010 -0.382000 10.181600 0.076508 0.399666 0.913462 0.131500 0.000000 0.000000 0.000000 1.000000
0.982494 0.134960 -0.128418 0.000000 -0.177730 0.885645 -0.429005 10.181600 0.055834 0.444319 0.894127 0.131500 0.000000 0.000000 0.000000 1.000000
0.985184 0.129775 -0.112117 0.000000 -0.168939 0.846896 -0.504209 10.181600 0.029517 0.515680 0.856273 0.131500 0.000000 0.000000 0.000000 1.000000
0.985670 0.129073 -0.108601 0.000000 -0.168225 0.799630 -0.576448 10.181600 0.012437 0.586457 0.809885 0.131500 0.000000 0.000000 0.000000 1.000000
0.984868 0.133479 -0.110541 0.000000 -0.173307 0.761189 -0.624945 10.181600 0.000726 0.634645 0.772803 0.131500 0.000000 0.000000 0.000000 1.000000
0.984267 0.130284 -0.119351 0.000000 -0.176613 0.745015 -0.643242 10.181600 0.005114 0.654200 0.756304 0.131500 0.000000 0.000000 0.000000 1.000000
0.985643 0.102676 -0.134035 0.000000 -0.165831 0.737969 -0.654142 10.181600 0.031749 0.666978 0.744401 0.131500 0.000000 0.000000 0.000000 1.000000
0.988513 0.086836 -0.123696 0.000000 -0.147632 0.729952 -0.667364 10.181600 0.032341 0.677960 0.734387 0.131500 0.000000 0.000000 0.000000 1.000000
0.991580 0.094941 -0.088068 -0.000000 -0.129466 0.711762 -0.690386 10.181600 -0.002863 0.695975 0.718060 0.131500 0.000000 0.000000 0.000000 1.000000
0.992004 0.101311 -0.075266 -0.000000 -0.124742 0.696337 -0.706792 10.181600 -0.019195 0.710529 0.703406 0.131500 0.000000 0.000000 0.000000 1.000000
0.991033 0.115491 -0.067191 -0.000000 -0.128567 0.687354 -0.714853 10.181600 -0.036375 0.717082 0.696039 0.131500 0.000000 0.000000 0.000000 1.000000
0.989132 0.138970 -0.048004 0.000000 -0.132513 0.701179 -0.700563 10.181600 -0.063698 0.699310 0.711974 0.131500 0.000000 0.000000 0.000000 1.000000
0.988898 0.141687 -0.044784 0.000000 -0.135829 0.739687 -0.659101 10.181600 -0.060260 0.657867 0.750720 0.131500 0.000000 0.000000 0.000000 1.000000
0.990074 0.133460 -0.044069 0.000000 -0.130303 0.754110 -0.643692 10.181600 -0.052674 0.643045 0.764015 0.131500 0.000000 0.000000 0.000000 1.000000
0.990094 0.133389 -0.043827 0.000000 -0.126236 0.709053 -0.693764 10.181600 -0.061465 0.692424 0.718868 0.131500 0.000000 0.000000 0.000000 1.000000
0.990293 0.130356 -0.048235 0.000000 -0.120821 0.635761 -0.762372 10.181600 -0.068714 0.760799 0.645339 0.131500 0.000000 0.000000 0.000000 1.000000
0.990875 0.126744 -0.045850 -0.000000 -0.109803 0.561817 -0.819942 10.181600 -0.078163 0.817495 0.570608 0.131500 0.000000 0.000000 0.000000 1.000000
0.991051 0.123729 -0.050091 0.000000 -0.104592 0.486643 -0.867317 10.181600 -0.082936 0.864795 0.495229 0.131500 0.000000 0.000000 0.000000 1.000000
0.991341 0.116431 -0.060722 0.000000 -0.103088 0.403612 -0.909104 10.181600 -0.081340 0.907492 0.412119 0.131500 0.000000 0.000000 0.000000 1.000000
0.991540 0.110709 -0.067759 0.000000 -0.099103 0.308587 -0.946019 10.181600 -0.083823 0.944731 0.316948 0.131500 0.000000 0.000000 0.000000 1.000000
0.990274 0.106748 -0.089228 0.000000 -0.109101 0.197833 -0.974145 10.181600 -0.086336 0.974406 0.207555 0.131500 0.000000 0.000000 0.000000 1.000000
0.990281 0.106637 -0.089282 0.000000 -0.100517 0.105099 -0.989369 10.181600 -0.096119 0.988728 0.114796 0.131500 0.000000 0.000000 0.000000 1.000000
0.990828 0.102552 -0.087990 -0.000000 -0.089364 0.008879 -0.995959 10.181600 -0.101356 0.994688 0.017962 0.131500 0.000000 0.000000 0.000000 1.000000
0.991717 0.097458 -0.083657 -0.000000 -0.077269 -0.067577 -0.994717 10.181600 -0.102596 0.992943 -0.059487 0.131500 0.000000 0.000000 0.000000 1.000000
0.993527 0.083007 -0.077545 0.000000 -0.069888 -0.091485 -0.993351 10.181600 -0.089549 0.992341 -0.085092 0.131500 0.000000 0.000000 0.000000 1.000000
0.995625 0.064836 -0.067287 -0.000000 -0.063323 -0.061375 -0.996104 10.181600 -0.068713 0.996007 -0.057001 0.131500 0.000000 0.000000 0.000000 1.000000
0.997850 0.050692 -0.041551 0.000000 -0.041386 -0.004301 -0.999134 10.181600 -0.050827 0.998705 -0.002193 0.131500 0.000000 0.000000 0.000000 1.000000
0.998944 0.032434 -0.032543 0.000000 -0.034598 0.064971 -0.997287 10.181600 -0.030232 0.997360 0.066025 0.131500 0.000000 0.000000 0.000000 1.000000
0.999415 0.010955 -0.032383 -0.000000 -0.033661 0.150055 -0.988105 10.181600 -0.005966 0.988617 0.150336 0.131500 0.000000 0.000000 0.000000 1.000000
0.998861 -0.005190 -0.047422 0.000000 -0.045107 0.220853 -0.974264 10.181600 0.015530 0.975293 0.220367 0.131500 0.000000 0.000000 0.000000 1.000000
0.997739 0.005846 -0.066946 0.000000 -0.065768 0.289536 -0.954905 10.181600 0.013801 0.957149 0.289266 0.131500 0.000000 0.000000 0.000000 1.000000
0.997590 0.011503 -0.068431 0.000000 -0.068063 0.354182 -0.932696 10.181600 0.013508 0.935106 0.354111 0.131500 0.000000 0.000000 0.000000 1.000000
0.997650 0.022903 -0.064574 0.000000 -0.068226 0.418642 -0.905585 10.181600 0.006293 0.907863 0.419220 0.131500 0.000000 0.000000 0.000000 1.000000
0.997948 0.017471 -0.061607 0.000000 -0.062675 0.463778 -0.883732 10.181600 0.013132 0.885779 0.463921 0.131500 0.000000 0.000000 0.000000 1.000000
0.998161 0.016769 -0.058261 -0.000000 -0.058711 0.506976 -0.859958 10.181600 0.015116 0.861797 0.507028 0.131500 0.000000 0.000000 0.000000 1.000000
0.998934 0.012633 -0.044396 0.000000 -0.044157 0.541722 -0.839397 10.181600 0.013446 0.840463 0.541702 0.131500 0.000000 0.000000 0.000000 1.000000
0.999608 0.027182 -0.006760 0.000000 -0.021018 0.568407 -0.822479 10.181600 -0.018514 0.822298 0.568755 0.131500 0.000000 0.000000 0.000000 1.000000
0.999390 0.020348 0.028398 -0.000000 0.011718 0.570542 -0.821185 10.181600 -0.032912 0.821016 0.569956 0.131500 0.000000 0.000000 0.000000 1.000000
0.998158 -0.018810 0.057672 0.000000 0.058401 0.555121 -0.829717 10.181600 -0.016408 0.831557 0.555197 0.131500 0.000000 0.000000 0.000000 1.000000
0.997873 -0.044977 0.047186 -0.000000 0.064489 0.575460 -0.815283 10.181600 0.009515 0.816592 0.577137 0.131500 0.000000 0.000000 0.000000 1.000000
0.997815 -0.066004 -0.002821 0.000000 0.038324 0.613088 -0.789085 10.181600 0.053812 0.787253 0.614278 0.131500 0.000000 0.000000 0.000000 1.000000
0.993658 -0.109422 -0.025884 0.000000 0.053706 0.664107 -0.745706 10.181600 0.098786 0.739587 0.665772 0.131500 0.000000 0.000000 0.000000 1.000000
0.990000 -0.132334 -0.048870 0.000000 0.063955 0.729810 -0.680651 10.181600 0.125739 0.670719 0.730976 0.131500 0.000000 0.000000 0.000000 1.000000
0.987549 -0.131461 -0.086398 -0.000000 0.043785 0.757218 -0.651693 10.181600 0.151094 0.639796 0.753546 0.131500 0.000000 0.000000 0.000000 1.000000
0.989744 -0.097595 -0.104318 0.000000 0.006131 0.758592 -0.651538 10.181600 0.142721 0.644216 0.751410 0.131500 0.000000 0.000000 0.000000 1.000000
