<?xml version="1.0" encoding="utf-8"?>
<COLLADA xmlns="http://www.collada.org/2005/11/COLLADASchema" version="1.4.1">
  <asset><contributor><author>Mixamo</author><authoring_tool>COLLADA Mixamo exporter</authoring_tool><comments></comments></contributor><created>2021-04-18T12:43:20Z</created><modified>2021-04-18T12:43:20Z</modified><revision></revision><title></title><unit meter="0.010000"/><up_axis>Y_UP</up_axis></asset>
  <library_animations>
    <animation id="mixamorig_Hips-anim" name="mixamorig_Hips"><source id="mixamorig_Hips-Matrix-animation-input"><float_array id="mixamorig_Hips-Matrix-animation-input-array" count="31">

0.000000 0.033333 0.066667 0.100000 0.133333 0.166667 0.200000 0.233333 0.266667 0.300000 0.333333 0.366667 0.400000 0.433333 0.466667 0.500000
0.533333 0.566667 0.600000 0.633333 0.666667 0.700000 0.733333 0.766667 0.800000 0.833333 0.866667 0.900000 0.933333 0.966667 1.000000</float_array><technique_common><accessor source="#mixamorig_Hips-Matrix-animation-input-array" count="31"><param name="TIME" type="float"/></accessor></technique_common></source><source id="mixamorig_Hips-Matrix-animation-output-transform"><float_array id="mixamorig_Hips-Matrix-animation-output-transform-array" count="496">

0.993922 -0.054715 0.095522 0.170038 -0.109704 -0.420492 0.900639 35.254822 -0.009112 -0.905645 -0.423939 -3.299661 0.000000 0.000000 0.000000 1.000000
0.987554 -0.100711 -0.120806 3.139857 0.062933 -0.450899 0.890353 35.208591 -0.144140 -0.886875 -0.438949 -5.030723 0.000000 0.000000 0.000000 1.000000
0.935884 -0.136415 -0.324826 6.349690 0.237395 -0.437070 0.867533 35.540443 -0.260316 -0.889023 -0.376662 -7.678323 0.000000 0.000000 0.000000 1.000000
0.848966 -0.180770 -0.496567 9.150255 0.413759 -0.357145 0.837407 36.109562 -0.328725 -0.916389 -0.228409 -11.598328 0.000000 0.000000 0.000000 1.000000
0.746083 -0.254430 -0.615325 11.036398 0.578295 -0.210472 0.788211 37.469128 -0.330053 -0.943910 -0.009894 -16.673563 0.000000 0.000000 0.000000 1.000000
0.658785 -0.359910 -0.660656 11.576389 0.705393 -0.009826 0.708748 40.222031 -0.261577 -0.932935 0.247405 -22.683952 0.000000 0.000000 0.000000 1.000000
0.610676 -0.491062 -0.621235 11.192106 0.774605 0.207459 0.597451 43.644814 -0.164505 -0.846061 0.507069 -27.901011 0.000000 0.000000 0.000000 1.000000
0.606323 -0.609148 -0.511186 10.166092 0.792870 0.413715 0.447433 47.591530 -0.061068 -0.676593 0.733821 -33.278370 0.000000 0.000000 0.000000 1.000000
0.628446 -0.687844 -0.363217 8.383418 0.777035 0.576550 0.252599 52.103298 0.035664 -0.440977 0.896809 -38.244713 0.000000 0.000000 0.000000 1.000000
0.671047 -0.712593 -0.204709 6.216622 0.730241 0.682997 0.016253 56.926857 0.128234 -0.160394 0.978688 -42.109329 0.000000 0.000000 0.000000 1.000000
0.734580 -0.676745 -0.049066 4.201959 0.646698 0.720180 -0.251242 61.927963 0.205363 0.152827 0.966680 -44.106468 0.000000 0.000000 0.000000 1.000000
0.805949 -0.586980 0.076821 2.607037 0.536609 0.669580 -0.513530 66.290863 0.249994 0.455101 0.854626 -44.462059 0.000000 0.000000 0.000000 1.000000
0.887087 -0.445846 0.119577 1.587239 0.386421 0.575556 -0.720704 70.383804 0.252499 0.685534 0.682853 -42.885296 0.000000 0.000000 0.000000 1.000000
0.961324 -0.271575 0.045861 2.079867 0.178321 0.486819 -0.855107 73.871918 0.209900 0.830213 0.516419 -39.824699 0.000000 0.000000 0.000000 1.000000
0.987339 -0.100142 -0.123021 4.113598 -0.073106 0.401005 -0.913154 74.713020 0.140777 0.910586 0.388607 -37.979080 0.000000 0.000000 0.000000 1.000000
0.939713 0.066828 -0.335370 6.891173 -0.338586 0.319319 -0.885096 72.727600 0.047941 0.945288 0.322695 -38.189747 0.000000 0.000000 0.000000 1.000000
0.823734 0.222279 -0.521589 9.482228 -0.566130 0.272196 -0.778079 68.565392 -0.030976 0.936217 0.350055 -40.263680 0.000000 0.000000 0.000000 1.000000
0.673366 0.376184 -0.636447 11.197757 -0.736943 0.272702 -0.618506 63.488937 -0.059112 0.885505 0.460854 -42.372036 0.000000 0.000000 0.000000 1.000000
0.499866 0.534140 -0.681784 12.060037 -0.865448 0.277430 -0.417173 58.123501 -0.033682 0.798579 0.600947 -42.883869 0.000000 0.000000 0.000000 1.000000
0.294278 0.696023 -0.654945 11.638361 -0.955078 0.239276 -0.174849 52.293125 0.035013 0.676978 0.735170 -41.731934 0.000000 0.000000 0.000000 1.000000
0.145225 0.843450 -0.517205 8.819638 -0.975726 0.208695 0.066365 46.586803 0.163914 0.495013 0.853285 -39.097637 0.000000 0.000000 0.000000 1.000000
0.140443 0.942889 -0.302054 4.126857 -0.935517 0.226262 0.271319 42.117386 0.324167 0.244472 0.913865 -35.023788 0.000000 0.000000 0.000000 1.000000
0.174594 0.979287 -0.102534 -0.268526 -0.877152 0.202000 0.435661 38.743370 0.447349 0.013874 0.894252 -30.231710 0.000000 0.000000 0.000000 1.000000
0.217244 0.975039 0.045876 -3.534211 -0.814693 0.155229 0.558729 36.779789 0.537661 -0.158755 0.828080 -25.623804 0.000000 0.000000 0.000000 1.000000
0.286356 0.928310 0.237150 -5.528324 -0.753371 0.065229 0.654353 35.831867 0.591973 -0.366040 0.718040 -22.131405 0.000000 0.000000 0.000000 1.000000
0.391302 0.831333 0.394674 -7.029945 -0.680920 -0.026946 0.731862 35.543358 0.619056 -0.555121 0.555528 -18.789528 0.000000 0.000000 0.000000 1.000000
0.550223 0.703661 0.449573 -8.104590 -0.581276 -0.063759 0.811205 36.032112 0.599477 -0.707669 0.373940 -15.396362 0.000000 0.000000 0.000000 1.000000
0.704626 0.555413 0.441609 -8.299870 -0.462789 -0.112059 0.879357 36.389233 0.537893 -0.823990 0.178079 -12.071978 0.000000 0.000000 0.000000 1.000000
0.837448 0.374609 0.397931 -6.973245 -0.341100 -0.210625 0.916127 36.294537 0.427003 -0.902943 -0.048608 -8.635653 0.000000 0.000000 0.000000 1.000000
0.944898 0.156022 0.287792 -4.110003 -0.224685 -0.330273 0.916753 35.738594 0.238083 -0.930901 -0.277018 -5.800278 0.000000 0.000000 0.000000 1.000000
0.993922 -0.054715 0.095522 0.170030 -0.109704 -0.420492 0.900639 35.254829 -0.009113 -0.905645 -0.423939 -3.299659 0.000000 0.000000 0.000000 1.000000</float_array><technique_common><accessor source="#mixamorig_Hips-Matrix-animation-output-transform-array" count="31" stride="16"><param type="float4x4"/></accessor></technique_common></source><source id="mixamorig_Hips-Interpolations"><Name_array id="mixamorig_Hips-Interpolations-array" count="31">
 LINEAR LINEAR LINEAR LINEAR LINEAR LINEAR LINEAR LINEAR LINEAR LINEAR LINEAR
LINEAR LINEAR LINEAR LINEAR LINEAR LINEAR LINEAR LINEAR LINEAR LINEAR LINEAR LINEAR
LINEAR LINEAR LINEAR LINEAR LINEAR LINEAR LINEAR LINEAR</Name_array><technique_common><accessor source="#mixamorig_Hips-Interpolations-array" count="31"><param type="name"/></accessor></technique_common></source><sampler id="mixamorig_Hips-Matrix-animation-transform"><input semantic="INPUT" source="#mixamorig_Hips-Matrix-animation-input"/><input semantic="OUTPUT" source="#mixamorig_Hips-Matrix-animation-output-transform"/><input semantic="INTERPOLATION" source="#mixamorig_Hips-Interpolations"/></sampler><channel source="#mixamorig_Hips-Matrix-animation-transform" target="mixamorig_Hips/matrix"/></animation>
    <animation id="mixamorig_Spine-anim" name="mixamorig_Spine"><source id="mixamorig_Spine-Matrix-animation-input"><float_array id="mixamorig_Spine-Matrix-animation-input-array" count="31">

0.000000 0.033333 0.066667 0.100000 0.133333 0.166667 0.200000 0.233333 0.266667 0.300000 0.333333 0.366667 0.400000 0.433333 0.466667 0.500000
0.533333 0.566667 0.600000 0.633333 0.666667 0.700000 0.733333 0.766667 0.800000 0.833333 0.866667 0.900000 0.933333 0.966667 1.000000</float_array><technique_common><accessor source="#mixamorig_Spine-Matrix-animation-input-array" count="31"><param name="TIME" type="float"/></accessor></technique_common></source><source id="mixamorig_Spine-Matrix-animation-output-transform"><float_array id="mixamorig_Spine-Matrix-animation-output-transform-array" count="496">

0.989792 0.027566 -0.139826 -0.000000 -0.129223 0.587364 -0.798940 10.181600 0.060106 0.808853 0.584931 0.131500 0.000000 0.000000 0.000000 1.000000
0.986426 0.122052 -0.109853 0.000000 -0.158217 0.527365 -0.834778 10.181600 -0.043953 0.840827 0.539517 0.131500 0.000000 0.000000 0.000000 1.000000
0.981191 0.175039 -0.081392 -0.000000 -0.157831 0.484681 -0.860334 10.181600 -0.111143 0.856998 0.503191 0.131500 0.000000 0.000000 0.000000 1.000000
0.980075 0.186973 -0.067042 0.000000 -0.150082 0.475982 -0.866554 10.181600 -0.130111 0.859350 0.494559 0.131500 0.000000 0.000000 0.000000 1.000000
0.982425 0.173597 -0.068594 -0.000000 -0.148252 0.502407 -0.851827 10.181600 -0.113413 0.847025 0.519313 0.131500 0.000000 0.000000 0.000000 1.000000
0.987726 0.139326 -0.070614 0.000000 -0.136599 0.551221 -0.823102 10.181600 -0.075756 0.822644 0.563487 0.131500 0.000000 0.000000 0.000000 1.000000
0.993448 0.082574 -0.079006 0.000000 -0.112875 0.600834 -0.791364 10.181600 -0.017877 0.795097 0.606218 0.131500 0.000000 0.000000 0.000000 1.000000
0.995960 0.001589 -0.089789 0.000000 -0.070600 0.631771 -0.771934 10.181600 0.055499 0.775154 0.629330 0.131500 0.000000 0.000000 0.000000 1.000000
0.990616 -0.076617 -0.113184 0.000000 -0.039344 0.633209 -0.772980 10.181600 0.130893 0.770179 0.624253 0.131500 0.000000 0.000000 0.000000 1.000000
0.982229 -0.124459 -0.140486 0.000000 -0.033500 0.620233 -0.783702 10.181600 0.184673 0.774481 0.605041 0.131500 0.000000 0.000000 0.000000 1.000000
0.979851 -0.131281 -0.150525 0.000000 -0.037834 0.617996 -0.785270 10.181600 0.196115 0.775143 0.600577 0.131500 0.000000 0.000000 0.000000 1.000000
0.983896 -0.101643 -0.147029 0.000000 -0.051340 0.627208 -0.777158 10.181600 0.171211 0.772191 0.611888 0.131500 0.000000 0.000000 0.000000 1.000000
0.988974 -0.064156 -0.133469 -0.000000 -0.064583 0.624204 -0.778587 10.181600 0.133263 0.778623 0.613179 0.131500 0.000000 0.000000 0.000000 1.000000
0.994080 -0.032663 -0.103629 0.000000 -0.062064 0.612150 -0.788302 10.181600 0.089185 0.790067 0.606498 0.131500 0.000000 0.000000 0.000000 1.000000
0.998934 0.005021 -0.045891 0.000000 -0.038967 0.624722 -0.779874 10.181600 0.024754 0.780831 0.624252 0.131500 0.000000 0.000000 0.000000 1.000000
0.997687 0.042617 0.052959 -0.000000 0.011077 0.666736 -0.745211 10.181600 -0.067068 0.744074 0.664722 0.131500 0.000000 0.000000 0.000000 1.000000
0.988049 0.062847 0.140746 -0.000000 0.057141 0.698706 -0.713123 10.181600 -0.143158 0.712643 0.686764 0.131500 0.000000 0.000000 0.000000 1.000000
0.983830 0.054079 0.170747 0.000000 0.086022 0.693506 -0.715297 10.181600 -0.157096 0.718419 0.677640 0.131500 0.000000 0.000000 0.000000 1.000000
0.988722 0.035948 0.145385 0.000000 0.084988 0.664639 -0.742315 10.181600 -0.123313 0.746299 0.654088 0.131500 0.000000 0.000000 0.000000 1.000000
0.993597 0.030981 0.108647 0.000000 0.063336 0.643596 -0.762740 10.181600 -0.093555 0.764738 0.637514 0.131500 0.000000 0.000000 0.000000 1.000000
0.996644 0.032710 0.075036 0.000000 0.036268 0.645341 -0.763033 10.181600 -0.073382 0.763194 0.641989 0.131500 0.000000 0.000000 0.000000 1.000000
0.999209 0.016623 0.036132 0.000000 0.015990 0.663916 -0.747636 10.181600 -0.036417 0.747622 0.663125 0.131500 0.000000 0.000000 0.000000 1.000000
0.999565 -0.023673 -0.017600 0.000000 0.003386 0.684782 -0.728740 10.181600 0.029304 0.728363 0.684564 0.131500 0.000000 0.000000 0.000000 1.000000
0.995212 -0.066769 -0.071378 0.000000 -0.005069 0.694054 -0.719905 10.181600 0.097608 0.716820 0.690392 0.131500 0.000000 0.000000 0.000000 1.000000
0.989172 -0.097265 -0.109898 0.000000 -0.012900 0.688314 -0.725298 10.181600 0.146190 0.718863 0.679606 0.131500 0.000000 0.000000 0.000000 1.000000
0.986695 -0.114760 -0.115166 0.000000 -0.007613 0.674962 -0.737813 10.181600 0.162404 0.728874 0.665108 0.131500 0.000000 0.000000 0.000000 1.000000
0.985903 -0.124559 -0.111716 0.000000 -0.000861 0.663902 -0.747819 10.181600 0.167316 0.737374 0.654435 0.131500 0.000000 0.000000 0.000000 1.000000
0.983744 -0.125539 -0.128407 0.000000 -0.015011 0.655062 -0.755426 10.181600 0.178950 0.745073 0.642528 0.131500 0.000000 0.000000 0.000000 1.000000
0.981619 -0.107839 -0.157466 0.000000 -0.052597 0.640257 -0.766358 10.181600 0.183461 0.760554 0.622816 0.131500 0.000000 0.000000 0.000000 1.000000
0.983775 -0.056661 -0.170227 0.000000 -0.099593 0.616729 -0.780850 10.181600 0.149228 0.785134 0.601079 0.131500 0.000000 0.000000 0.000000 1.000000
0.989792 0.027566 -0.139827 -0.000000 -0.129223 0.587364 -0.798940 10.181600 0.060106 0.808853 0.584931 0.131500 0.000000 0.000000 0.000000 1.000000</float_array><technique_common><accessor source="#mixamorig_Spine-Matrix-animation-output-transform-array" count="31" stride="16"><param type="float4x4"/></accessor></technique_common></source><source id="mixamorig_Spine-Interpolations"><Name_array id="mixamorig_Spine-Interpolations-array" count="31">
 LINEAR LINEAR LINEAR LINEAR LINEAR LINEAR LINEAR LINEAR LINEAR LINEAR LINEAR
LINEAR LINEAR LINEAR LINEAR LINEAR LINEAR LINEAR LINEAR LINEAR LINEAR LINEAR LINEAR
LINEAR LINEAR LINEAR LINEAR LINEAR LINEAR LINEAR LINEAR</Name_array><technique_common><accessor source="#mixamorig_Spine-Interpolations-array" count="31"><param type="name"/></accessor></technique_common></source><sampler id="mixamorig_Spine-Matrix-animation-transform"><input semantic="INPUT" source="#mixamorig_Spine-Matrix-animation-input"/><input semantic="OUTPUT" source="#mixamorig_Spine-Matrix-animation-output-transform"/><input semantic="INTERPOLATION" source="#mixamorig_Spine-Interpolations"/></sampler><channel source="#mixamorig_Spine-Matrix-animation-transform" target="mixamorig_Spine/matrix"/></animation>
    <animation id="mixamorig_Spine1-anim" name="mixamorig_Spine1"><source id="mixamorig_Spine1-Matrix-animation-input"><float_array id="mixamorig_Spine1-Matrix-animation-input-array" count="31">

0.000000 0.033333 0.066667 0.100000 0.133333 0.166667 0.200000 0.233333 0.266667 0.300000 0.333333 0.366667 0.400000 0.433333 0.466667 0.500000
0.533333 0.566667 0.600000 0.633333 0.666667 0.700000 0.733333 0.766667 0.800000 0.833333 0.866667 0.900000 0.933333 0.966667 1.000000</float_array><technique_common><accessor source="#mixamorig_Spine1-Matrix-animation-input-array" count="31"><param name="TIME" type="float"/></accessor></technique_common></source><source id="mixamorig_Spine1-Matrix-animation-output-transform"><float_array id="mixamorig_Spine1-Matrix-animation-output-transform-array" count="496">

0.997733 -0.050630 -0.044325 0.000000 0.038028 0.967672 -0.249329 10.083500 0.055515 0.247078 0.967404 -1.000800 0.000000 0.000000 0.000000 1.000000
0.999003 -0.040780 -0.018187 0.000000 0.035190 0.969763 -0.241496 10.083500 0.027485 0.240615 0.970231 -1.000800 0.000000 0.000000 0.000000 1.000000
0.999518 -0.030349 0.006488 0.000000 0.031030 0.973620 -0.226054 10.083500 0.000544 0.226146 0.974093 -1.000800 0.000000 0.000000 0.000000 1.000000
0.999363 -0.025510 0.024954 0.000000 0.030118 0.978009 -0.206377 10.083500 -0.019140 0.206997 0.978154 -1.000800 0.000000 0.000000 0.000000 1.000000
0.998907 -0.032095 0.033973 0.000000 0.038049 0.980584 -0.192375 10.083500 -0.027139 0.193457 0.980733 -1.000800 0.000000 0.000000 0.000000 1.000000
0.998102 -0.050142 0.035740 0.000000 0.056103 0.979744 -0.192236 10.083500 -0.025377 0.193876 0.980698 -1.000800 0.000000 0.000000 0.000000 1.000000
0.996701 -0.073092 0.035279 0.000000 0.078781 0.975789 -0.204032 10.083500 -0.019512 0.206138 0.978328 -1.000800 0.000000 0.000000 0.000000 1.000000
0.995262 -0.090875 0.034570 0.000000 0.096276 0.970750 -0.219942 10.083500 -0.013572 0.222229 0.974900 -1.000800 0.000000 0.000000 0.000000 1.000000
0.994933 -0.095291 0.032072 0.000000 0.100175 0.966802 -0.235072 10.083500 -0.008607 0.237094 0.971449 -1.000800 0.000000 0.000000 0.000000 1.000000
0.995903 -0.086335 0.026914 -0.000000 0.090312 0.964916 -0.246538 10.083500 -0.004685 0.247959 0.968759 -1.000800 0.000000 0.000000 0.000000 1.000000
0.997199 -0.072070 0.019998 -0.000000 0.074778 0.965966 -0.247624 10.083500 -0.001472 0.248426 0.968650 -1.000800 0.000000 0.000000 0.000000 1.000000
0.998126 -0.060237 0.010768 -0.000000 0.061096 0.971214 -0.230242 10.083500 0.003411 0.230468 0.973074 -1.000800 0.000000 0.000000 0.000000 1.000000
0.998596 -0.052916 -0.002412 -0.000000 0.051421 0.979308 -0.195734 10.083500 0.012719 0.195336 0.980654 -1.000800 0.000000 0.000000 0.000000 1.000000
0.998657 -0.049448 -0.015454 -0.000000 0.046329 0.985907 -0.160749 10.083500 0.023185 0.159817 0.986874 -1.000800 0.000000 0.000000 0.000000 1.000000
0.998737 -0.046838 -0.018195 0.000000 0.043747 0.988653 -0.143706 10.083500 0.024719 0.142728 0.989453 -1.000800 0.000000 0.000000 0.000000 1.000000
0.999364 -0.034864 -0.007462 0.000000 0.033427 0.989003 -0.144067 10.083500 0.012403 0.143726 0.989540 -1.000800 0.000000 0.000000 0.000000 1.000000
0.999987 -0.001302 0.004840 0.000000 0.002001 0.989077 -0.147389 10.083500 -0.004595 0.147397 0.989067 -1.000800 0.000000 0.000000 0.000000 1.000000
0.998661 0.051560 0.004207 -0.000000 -0.050385 0.987884 -0.146788 10.083500 -0.011725 0.146380 0.989159 -1.000800 0.000000 0.000000 0.000000 1.000000
0.994541 0.103880 -0.009820 -0.000000 -0.104204 0.983944 -0.144901 10.083500 -0.005390 0.145134 0.989397 -1.000800 0.000000 0.000000 0.000000 1.000000
0.990206 0.137117 -0.026270 0.000000 -0.139478 0.979813 -0.143219 10.083500 0.006102 0.145481 0.989342 -1.000800 0.000000 0.000000 0.000000 1.000000
0.988129 0.148776 -0.038295 0.000000 -0.152733 0.978211 -0.140625 10.083500 0.016539 0.144805 0.989322 -1.000800 0.000000 0.000000 0.000000 1.000000
0.988097 0.145945 -0.048622 0.000000 -0.151402 0.978592 -0.139410 10.083500 0.027235 0.145112 0.989040 -1.000800 0.000000 0.000000 0.000000 1.000000
0.989216 0.132815 -0.061744 -0.000000 -0.140545 0.979408 -0.144937 10.083500 0.041223 0.152052 0.987512 -1.000800 0.000000 0.000000 0.000000 1.000000
0.991092 0.109336 -0.076044 0.000000 -0.120329 0.979847 -0.159440 10.083500 0.057079 0.167170 0.984274 -1.000800 0.000000 0.000000 0.000000 1.000000
0.993454 0.077146 -0.084246 0.000000 -0.091339 0.979367 -0.180268 10.083500 0.068601 0.186783 0.980003 -1.000800 0.000000 0.000000 0.000000 1.000000
0.995801 0.040975 -0.081858 0.000000 -0.056840 0.977725 -0.202047 10.083500 0.071756 0.205852 0.975949 -1.000800 0.000000 0.000000 0.000000 1.000000
0.997195 0.005521 -0.074640 0.000000 -0.021859 0.975278 -0.219899 10.083500 0.071580 0.220914 0.972663 -1.000800 0.000000 0.000000 0.000000 1.000000
0.997083 -0.024802 -0.072178 0.000000 0.007338 0.972495 -0.232810 10.083500 0.075967 0.231601 0.969840 -1.000800 0.000000 0.000000 0.000000 1.000000
0.996306 -0.044795 -0.073271 0.000000 0.025790 0.969868 -0.242261 10.083500 0.081916 0.239477 0.967440 -1.000800 0.000000 0.000000 0.000000 1.000000
0.996411 -0.052280 -0.066568 0.000000 0.034216 0.968111 -0.248174 10.083500 0.077420 0.245006 0.966426 -1.000800 0.000000 0.000000 0.000000 1.000000
0.997733 -0.050630 -0.044325 0.000000 0.038028 0.967672 -0.249329 10.083500 0.055515 0.247078 0.967404 -1.000800 0.000000 0.000000 0.000000 1.000000</float_array><technique_common><accessor source="#mixamorig_Spine1-Matrix-animation-output-transform-array" count="31" stride="16"><param type="float4x4"/></accessor></technique_common></source><source id="mixamorig_Spine1-Interpolations"><Name_array id="mixamorig_Spine1-Interpolations-array" count="31">
 LINEAR LINEAR LINEAR LINEAR LINEAR LINEAR LINEAR LINEAR LINEAR LINEAR LINEAR
LINEAR LINEAR LINEAR LINEAR LINEAR LINEAR LINEAR LINEAR LINEAR LINEAR LINEAR LINEAR
LINEAR LINEAR LINEAR LINEAR LINEAR LINEAR LINEAR LINEAR</Name_array><technique_common><accessor source="#mixamorig_Spine1-Interpolations-array" count="31"><param type="name"/></accessor></technique_common></source><sampler id="mixamorig_Spine1-Matrix-animation-transform"><input semantic="INPUT" source="#mixamorig_Spine1-Matrix-animation-input"/><input semantic="OUTPUT" source="#mixamorig_Spine1-Matrix-animation-output-transform"/><input semantic="INTERPOLATION" source="#mixamorig_Spine1-Interpolations"/></sampler><channel source="#mixamorig_Spine1-Matrix-animation-transform" target="mixamorig_Spine1/matrix"/></animation>
    <animation id="mixamorig_Spine2-anim" name="mixamorig_Spine2"><source id="mixamorig_Spine2-Matrix-animation-input"><float_array id="mixamorig_Spine2-Matrix-animation-input-array" count="31">

0.000000 0.033333 0.066667 0.100000 0.133333 0.166667 0.200000 0.233333 0.266667 0.300000 0.333333 0.366667 0.400000 0.433333 0.466667 0.500000
0.533333 0.566667 0.600000 0.633333 0.666667 0.700000 0.733333 0.766667 0.800000 0.833333 0.866667 0.900000 0.933333 0.966667 1.000000</float_array><technique_common><accessor source="#mixamorig_Spine2-Matrix-animation-input-array" count="31"><param name="TIME" type="float"/></accessor></technique_common></source><source id="mixamorig_Spine2-Matrix-animation-output-transform"><float_array id="mixamorig_Spine2-Matrix-animation-output-transform-array" count="496">

0.998271 -0.052343 -0.026747 0.000000 0.043996 0.967110 -0.250523 9.100000 0.038981 0.248913 0.967741 -1.373400 0.000000 0.000000 0.000000 1.000000
0.999218 -0.039541 -0.000236 0.000000 0.038314 0.969653 -0.241465 9.100000 0.009777 0.241267 0.970409 -1.373400 0.000000 0.000000 0.000000 1.000000
0.999375 -0.026168 0.023773 0.000000 0.030858 0.973797 -0.225315 9.100000 -0.017254 0.225907 0.973996 -1.373400 0.000000 0.000000 0.000000 1.000000
0.998923 -0.018769 0.042427 -0.000000 0.027111 0.978276 -0.205526 9.100000 -0.037647 0.206455 0.977732 -1.373400 0.000000 0.000000 0.000000 1.000000
0.998259 -0.023553 0.054073 0.000000 0.033529 0.980874 -0.191736 9.100000 -0.048523 0.193216 0.979956 -1.373400 0.000000 0.000000 0.000000 1.000000
0.997381 -0.040384 0.060007 0.000000 0.051217 0.980120 -0.191681 9.100000 -0.051074 0.194252 0.979621 -1.373400 0.000000 0.000000 0.000000 1.000000
0.996100 -0.061981 0.062789 0.000000 0.073567 0.976349 -0.203301 9.100000 -0.048703 0.207127 0.977101 -1.373400 0.000000 0.000000 0.000000 1.000000
0.994974 -0.077783 0.063058 -0.000000 0.089837 0.971564 -0.219072 9.100000 -0.044225 0.223636 0.973669 -1.373400 0.000000 0.000000 0.000000 1.000000
0.995021 -0.080001 0.059431 -0.000000 0.091810 0.967811 -0.234336 9.100000 -0.038771 0.238626 0.970337 -1.373400 0.000000 0.000000 0.000000 1.000000
0.996238 -0.069833 0.051320 0.000000 0.080382 0.965920 -0.246041 9.100000 -0.032389 0.249241 0.967900 -1.373400 0.000000 0.000000 0.000000 1.000000
0.997608 -0.056562 0.039749 -0.000000 0.064663 0.966828 -0.247107 9.100000 -0.024454 0.249086 0.968173 -1.373400 0.000000 0.000000 0.000000 1.000000
0.998524 -0.048308 0.024815 0.000000 0.052721 0.971906 -0.229388 9.100000 -0.013036 0.230358 0.973019 -1.373400 0.000000 0.000000 0.000000 1.000000
0.998907 -0.046362 0.005908 0.000000 0.046625 0.979774 -0.194602 9.100000 0.003234 0.194664 0.980865 -1.373400 0.000000 0.000000 0.000000 1.000000
0.998754 -0.048353 -0.012349 -0.000000 0.045765 0.986097 -0.159743 9.100000 0.019901 0.158979 0.987081 -1.373400 0.000000 0.000000 0.000000 1.000000
0.998571 -0.049551 -0.020027 0.000000 0.046183 0.988606 -0.143266 9.100000 0.026897 0.142136 0.989482 -1.373400 0.000000 0.000000 0.000000 1.000000
0.999117 -0.039326 -0.014766 0.000000 0.036788 0.988842 -0.144354 9.100000 0.020278 0.143683 0.989416 -1.373400 0.000000 0.000000 0.000000 1.000000
0.999934 -0.006692 -0.009327 -0.000000 0.005238 0.988965 -0.148057 9.100000 0.010215 0.147998 0.988935 -1.373400 0.000000 0.000000 0.000000 1.000000
0.998839 0.044669 -0.018050 0.000000 -0.046844 0.987999 -0.147182 9.100000 0.011259 0.147857 0.988945 -1.373400 0.000000 0.000000 0.000000 1.000000
0.994705 0.094762 -0.039782 -0.000000 -0.099569 0.984473 -0.144563 9.100000 0.025465 0.147759 0.988696 -1.373400 0.000000 0.000000 0.000000 1.000000
0.990138 0.125829 -0.061597 -0.000000 -0.133485 0.980806 -0.142134 9.100000 0.042531 0.148954 0.987929 -1.373400 0.000000 0.000000 0.000000 1.000000
0.987807 0.135953 -0.075862 0.000000 -0.145498 0.979528 -0.139126 9.100000 0.055395 0.148468 0.987365 -1.373400 0.000000 0.000000 0.000000 1.000000
0.987509 0.132150 -0.085811 0.000000 -0.143135 0.980048 -0.137906 9.100000 0.065874 0.148466 0.986721 -1.373400 0.000000 0.000000 0.000000 1.000000
0.988268 0.118316 -0.096582 0.000000 -0.131477 0.980839 -0.143766 9.100000 0.077721 0.154778 0.984887 -1.373400 0.000000 0.000000 0.000000 1.000000
0.989795 0.094460 -0.106687 0.000000 -0.110750 0.981071 -0.158855 9.100000 0.089662 0.169050 0.981521 -1.373400 0.000000 0.000000 0.000000 1.000000
0.992078 0.062728 -0.108844 0.000000 -0.081769 0.980188 -0.180402 9.100000 0.095371 0.187873 0.977552 -1.373400 0.000000 0.000000 0.000000 1.000000
0.994706 0.028214 -0.098815 0.000000 -0.047895 0.978033 -0.202876 9.100000 0.090921 0.206534 0.974206 -1.373400 0.000000 0.000000 0.000000 1.000000
0.996538 -0.004883 -0.083001 -0.000000 -0.013651 0.975117 -0.221269 9.100000 0.082016 0.221636 0.971674 -1.373400 0.000000 0.000000 0.000000 1.000000
0.996848 -0.033133 -0.072090 0.000000 0.015347 0.971990 -0.234521 9.100000 0.077841 0.232676 0.969434 -1.373400 0.000000 0.000000 0.000000 1.000000
0.996490 -0.051506 -0.065999 0.000000 0.033927 0.969159 -0.244089 9.100000 0.076535 0.240993 0.967504 -1.373400 0.000000 0.000000 0.000000 1.000000
0.996930 -0.057018 -0.053655 0.000000 0.041881 0.967379 -0.249847 9.100000 0.066150 0.246833 0.966798 -1.373400 0.000000 0.000000 0.000000 1.000000
0.998271 -0.052343 -0.026747 0.000000 0.043997 0.967110 -0.250523 9.100000 0.038981 0.248913 0.967741 -1.373400 0.000000 0.000000 0.000000 1.000000</float_array><technique_common><accessor source="#mixamorig_Spine2-Matrix-animation-output-transform-array" count="31" stride="16"><param type="float4x4"/></accessor></technique_common></source><source id="mixamorig_Spine2-Interpolations"><Name_array id="mixamorig_Spine2-Interpolations-array" count="31">
 LINEAR LINEAR LINEAR LINEAR LINEAR LINEAR LINEAR LINEAR LINEAR LINEAR LINEAR
LINEAR LINEAR LINEAR LINEAR LINEAR LINEAR LINEAR LINEAR LINEAR LINEAR LINEAR LINEAR
LINEAR LINEAR LINEAR LINEAR LINEAR LINEAR LINEAR LINEAR</Name_array><technique_common><accessor source="#mixamorig_Spine2-Interpolations-array" count="31"><param type="name"/></accessor></technique_common></source><sampler id="mixamorig_Spine2-Matrix-animation-transform"><input semantic="INPUT" source="#mixamorig_Spine2-Matrix-animation-input"/><input semantic="OUTPUT" source="#mixamorig_Spine2-Matrix-animation-output-transform"/><input semantic="INTERPOLATION" source="#mixamorig_Spine2-Interpolations"/></sampler><channel source="#mixamorig_Spine2-Matrix-animation-transform" target="mixamorig_Spine2/matrix"/></animation>
    <animation id="mixamorig_Neck-anim" name="mixamorig_Neck"><source id="mixamorig_Neck-Matrix-animation-input"><float_array id="mixamorig_Neck-Matrix-animation-input-array" count="31">

0.000000 0.033333 0.066667 0.100000 0.133333 0.166667 0.200000 0.233333 0.266667 0.300000 0.333333 0.366667 0.400000 0.433333 0.466667 0.500000
0.533333 0.566667 0.600000 0.633333 0.666667 0.700000 0.733333 0.766667 0.800000 0.833333 0.866667 0.900000 0.933333 0.966667 1.000000</float_array><technique_common><accessor source="#mixamorig_Neck-Matrix-animation-input-array" count="31"><param name="TIME" type="float"/></accessor></technique_common></source><source id="mixamorig_Neck-Matrix-animation-output-transform"><float_array id="mixamorig_Neck-Matrix-animation-output-transform-array" count="496">

0.999713 -0.023817 0.002747 0.000000 0.023967 0.989778 -0.140592 16.671700 0.000629 0.140617 0.990064 -2.516200 0.000000 0.000000 0.000000 1.000000
0.998957 -0.044830 -0.008624 0.000000 0.043284 0.990134 -0.133274 16.671700 0.014513 0.132762 0.991042 -2.516200 0.000000 0.000000 0.000000 1.000000
0.998367 -0.053911 -0.018868 0.000000 0.050999 0.990130 -0.130544 16.671700 0.025720 0.129369 0.991263 -2.516200 0.000000 0.000000 0.000000 1.000000
0.998413 -0.049391 -0.027045 0.000000 0.045468 0.990437 -0.130257 16.671700 0.033220 0.128821 0.991111 -2.516200 0.000000 0.000000 0.000000 1.000000
0.998771 -0.037170 -0.032771 0.000000 0.032741 0.991409 -0.126637 16.671700 0.037196 0.125408 0.991408 -2.516200 0.000000 0.000000 0.000000 1.000000
0.999027 -0.024492 -0.036678 0.000000 0.020123 0.993151 -0.115090 16.671700 0.039246 0.114240 0.992678 -2.516200 0.000000 0.000000 0.000000 1.000000
0.999175 -0.011374 -0.038999 -0.000000 0.007570 0.995318 -0.096354 16.671700 0.039912 0.095980 0.994583 -2.516200 0.000000 0.000000 0.000000 1.000000
0.999267 0.006257 -0.037769 0.000000 -0.009038 0.997225 -0.073895 16.671700 0.037202 0.074182 0.996551 -2.516200 0.000000 0.000000 0.000000 1.000000
0.999197 0.025817 -0.030647 0.000000 -0.027269 0.998479 -0.047924 16.671700 0.029363 0.048721 0.998381 -2.516200 0.000000 0.000000 0.000000 1.000000
0.999133 0.037122 -0.018869 0.000000 -0.037401 0.999193 -0.014656 16.671700 0.018310 0.015349 0.999715 -2.516200 0.000000 0.000000 0.000000 1.000000
0.999255 0.038091 -0.006185 -0.000000 -0.037921 0.998956 0.025487 16.671700 0.007149 -0.025234 0.999656 -2.516200 0.000000 0.000000 0.000000 1.000000
0.998967 0.044924 0.006797 0.000000 -0.045258 0.997064 0.061760 16.671700 -0.004003 -0.062003 0.998068 -2.516200 0.000000 0.000000 0.000000 1.000000
0.996946 0.074704 0.022774 -0.000000 -0.076345 0.993650 0.082649 16.671700 -0.016455 -0.084136 0.996318 -2.516200 0.000000 0.000000 0.000000 1.000000
0.991930 0.120078 0.040697 -0.000000 -0.123247 0.988531 0.087268 16.671700 -0.029752 -0.091580 0.995353 -2.516200 0.000000 0.000000 0.000000 1.000000
0.986585 0.154002 0.054162 -0.000000 -0.158033 0.984163 0.080310 16.671700 -0.040936 -0.087792 0.995297 -2.516200 0.000000 0.000000 0.000000 1.000000
0.985295 0.159953 0.060078 0.000000 -0.163804 0.984295 0.065819 16.671700 -0.048606 -0.074692 0.996021 -2.516200 0.000000 0.000000 0.000000 1.000000
0.987429 0.144664 0.063688 0.000000 -0.148147 0.987499 0.053835 16.671700 -0.055104 -0.062594 0.996517 -2.516200 0.000000 0.000000 0.000000 1.000000
0.990205 0.120244 0.070963 -0.000000 -0.124324 0.990649 0.056191 16.671700 -0.063543 -0.064463 0.995895 -2.516200 0.000000 0.000000 0.000000 1.000000
0.992828 0.089177 0.079619 0.000000 -0.094305 0.993539 0.063146 16.671700 -0.073473 -0.070202 0.994823 -2.516200 0.000000 0.000000 0.000000 1.000000
0.995119 0.053947 0.082637 0.000000 -0.057944 0.997224 0.046758 16.671700 -0.079885 -0.051318 0.995482 -2.516200 0.000000 0.000000 0.000000 1.000000
0.996571 0.026584 0.078358 0.000000 -0.026612 0.999646 -0.000694 16.671700 -0.078349 -0.001393 0.996925 -2.516200 0.000000 0.000000 0.000000 1.000000
0.997261 0.017053 0.071968 0.000000 -0.013188 0.998462 -0.053849 16.671700 -0.072776 0.052753 0.995952 -2.516200 0.000000 0.000000 0.000000 1.000000
0.997416 0.021573 0.068532 0.000000 -0.015483 0.995983 -0.088188 16.671700 -0.070159 0.086899 0.993744 -2.516200 0.000000 0.000000 0.000000 1.000000
0.997205 0.030143 0.068362 0.000000 -0.022882 0.994250 -0.104615 16.671700 -0.071123 0.102758 0.992160 -2.516200 0.000000 0.000000 0.000000 1.000000
0.997003 0.037688 0.067567 0.000000 -0.029709 0.992872 -0.115425 16.671700 -0.071436 0.113072 0.991016 -2.516200 0.000000 0.000000 0.000000 1.000000
0.997129 0.043466 0.062006 0.000000 -0.035359 0.991358 -0.126330 16.671700 -0.066962 0.123775 0.990048 -2.516200 0.000000 0.000000 0.000000 1.000000
0.997565 0.046225 0.052225 0.000000 -0.038733 0.989905 -0.136335 16.671700 -0.058000 0.133980 0.989285 -2.516200 0.000000 0.000000 0.000000 1.000000
0.998176 0.042917 0.042457 -0.000000 -0.036426 0.989001 -0.143350 16.671700 -0.048142 0.141542 0.988761 -2.516200 0.000000 0.000000 0.000000 1.000000
0.998988 0.029950 0.033553 0.000000 -0.024747 0.988977 -0.145987 16.671700 -0.037555 0.145009 0.988717 -2.516200 0.000000 0.000000 0.000000 1.000000
0.999749 0.006577 0.021429 -0.000000 -0.003415 0.989515 -0.144388 16.671700 -0.022154 0.144278 0.989289 -2.516200 0.000000 0.000000 0.000000 1.000000
0.999713 -0.023817 0.002747 -0.000000 0.023967 0.989778 -0.140592 16.671700 0.000629 0.140617 0.990064 -2.516200 0.000000 0.000000 0.000000 1.000000</float_array><technique_common><accessor source="#mixamorig_Neck-Matrix-animation-output-transform-array" count="31" stride="16"><param type="float4x4"/></accessor></technique_common></source><source id="mixamorig_Neck-Interpolations"><Name_array id="mixamorig_Neck-Interpolations-array" count="31">
 LINEAR LINEAR LINEAR LINEAR LINEAR LINEAR LINEAR LINEAR LINEAR LINEAR LINEAR
LINEAR LINEAR LINEAR LINEAR LINEAR LINEAR LINEAR LINEAR LINEAR LINEAR LINEAR LINEAR
LINEAR LINEAR LINEAR LINEAR LINEAR LINEAR LINEAR LINEAR</Name_array><technique_common><accessor source="#mixamorig_Neck-Interpolations-array" count="31"><param type="name"/></accessor></technique_common></source><sampler id="mixamorig_Neck-Matrix-animation-transform"><input semantic="INPUT" source="#mixamorig_Neck-Matrix-animation-input"/><input semantic="OUTPUT" source="#mixamorig_Neck-Matrix-animation-output-transform"/><input semantic="INTERPOLATION" source="#mixamorig_Neck-Interpolations"/></sampler><channel source="#mixamorig_Neck-Matrix-animation-transform" target="mixamorig_Neck/matrix"/></animation>
    <animation id="mixamorig_Head-anim" name="mixamorig_Head"><source id="mixamorig_Head-Matrix-animation-input"><float_array id="mixamorig_Head-Matrix-animation-input-array" count="31">

0.000000 0.033333 0.066667 0.100000 0.133333 0.166667 0.200000 0.233333 0.266667 0.300000 0.333333 0.366667 0.400000 0.433333 0.466667 0.500000
0.533333 0.566667 0.600000 0.633333 0.666667 0.700000 0.733333 0.766667 0.800000 0.833333 0.866667 0.900000 0.933333 0.966667 1.000000</float_array><technique_common><accessor source="#mixamorig_Head-Matrix-animation-input-array" count="31"><param name="TIME" type="float"/></accessor></technique_common></source><source id="mixamorig_Head-Matrix-animation-output-transform"><float_array id="mixamorig_Head-Matrix-animation-output-transform-array" count="496">

0.992245 -0.111747 0.054436 0.000000 0.124199 0.873599 -0.470531 9.617900 0.005025 0.473643 0.880703 1.685000 0.000000 0.000000 0.000000 1.000000
0.969960 -0.238651 -0.047146 0.000000 0.196648 0.883311 -0.425547 9.617900 0.143202 0.403493 0.903707 1.685000 0.000000 0.000000 0.000000 1.000000
0.945057 -0.297188 -0.136187 0.000000 0.219148 0.885068 -0.410644 9.617900 0.242573 0.358237 0.901568 1.685000 0.000000 0.000000 0.000000 1.000000
0.936209 -0.279289 -0.213332 0.000000 0.180204 0.902631 -0.390875 9.617900 0.301727 0.327497 0.895381 1.685000 0.000000 0.000000 0.000000 1.000000
0.931311 -0.222084 -0.288684 0.000000 0.119058 0.934680 -0.334960 9.617900 0.344216 0.277582 0.896919 1.685000 0.000000 0.000000 0.000000 1.000000
0.912070 -0.172180 -0.372133 0.000000 0.083621 0.966596 -0.242279 9.617900 0.401418 0.189858 0.896001 1.685000 0.000000 0.000000 0.000000 1.000000
0.879664 -0.134740 -0.456109 -0.000000 0.083846 0.987944 -0.130143 9.617900 0.468146 0.076239 0.880356 1.685000 0.000000 0.000000 0.000000 1.000000
0.856106 -0.094090 -0.508163 0.000000 0.107013 0.994250 -0.003808 9.617900 0.505600 -0.051120 0.861252 1.685000 0.000000 0.000000 0.000000 1.000000
0.866646 -0.060878 -0.495195 0.000000 0.147824 0.979294 0.138316 9.617900 0.476521 -0.193073 0.857701 1.685000 0.000000 0.000000 0.000000 1.000000
0.907175 -0.059427 -0.416535 -0.000000 0.193439 0.938056 0.287460 9.617900 0.373650 -0.341351 0.862477 1.685000 0.000000 0.000000 0.000000 1.000000
0.946719 -0.088632 -0.309624 -0.000000 0.221222 0.877656 0.425182 9.617900 0.234059 -0.471024 0.850502 1.685000 0.000000 0.000000 0.000000 1.000000
0.968900 -0.131123 -0.209856 0.000000 0.225915 0.814773 0.533954 9.617900 0.100972 -0.564758 0.819056 1.685000 0.000000 0.000000 0.000000 1.000000
0.978295 -0.175154 -0.110720 0.000000 0.205873 0.760866 0.615385 9.617900 -0.023544 -0.624823 0.780411 1.685000 0.000000 0.000000 0.000000 1.000000
0.978760 -0.204749 0.010319 0.000000 0.144305 0.723824 0.674726 9.617900 -0.145619 -0.658906 0.737996 1.685000 0.000000 0.000000 0.000000 1.000000
0.968696 -0.201984 0.144329 0.000000 0.046172 0.717830 0.694686 9.617900 -0.243919 -0.666275 0.704685 1.685000 0.000000 0.000000 0.000000 1.000000
0.947916 -0.175243 0.265981 0.000000 -0.043617 0.755768 0.653385 9.617900 -0.315521 -0.630955 0.708761 1.685000 0.000000 0.000000 0.000000 1.000000
0.912465 -0.154820 0.378732 0.000000 -0.088642 0.828861 0.552388 9.617900 -0.399437 -0.537606 0.742583 1.685000 0.000000 0.000000 0.000000 1.000000
0.852244 -0.142233 0.503438 0.000000 -0.093126 0.905714 0.413533 9.617900 -0.514788 -0.399314 0.758644 1.685000 0.000000 0.000000 0.000000 1.000000
0.768615 -0.101387 0.631626 -0.000000 -0.079586 0.964535 0.251671 9.617900 -0.634742 -0.243707 0.733287 1.685000 0.000000 0.000000 0.000000 1.000000
0.690106 -0.014257 0.723568 0.000000 -0.051019 0.996360 0.068291 9.617900 -0.721908 -0.084044 0.686867 1.685000 0.000000 0.000000 0.000000 1.000000
0.653454 0.093281 0.751197 0.000000 -0.006532 0.993036 -0.117629 9.617900 -0.756938 0.071958 0.649513 1.685000 0.000000 0.000000 0.000000 1.000000
0.663052 0.186147 0.725059 0.000000 0.032013 0.960651 -0.275907 9.617900 -0.747888 0.206152 0.631003 1.685000 0.000000 0.000000 0.000000 1.000000
0.690369 0.250899 0.678557 0.000000 0.046255 0.920710 -0.387496 9.617900 -0.721977 0.298901 0.624025 1.685000 0.000000 0.000000 0.000000 1.000000
0.716092 0.285842 0.636794 0.000000 0.041697 0.893157 -0.447807 9.617900 -0.696760 0.347223 0.627664 1.685000 0.000000 0.000000 0.000000 1.000000
0.751380 0.286821 0.594274 0.000000 0.033150 0.883049 -0.468109 9.617900 -0.659036 0.371428 0.653997 1.685000 0.000000 0.000000 0.000000 1.000000
0.809931 0.259738 0.525879 0.000000 0.026480 0.879493 -0.475175 9.617900 -0.585928 0.398784 0.705450 1.685000 0.000000 0.000000 0.000000 1.000000
0.873640 0.230565 0.428476 0.000000 0.013406 0.868861 -0.494874 9.617900 -0.486387 0.438086 0.755982 1.685000 0.000000 0.000000 0.000000 1.000000
0.917311 0.214127 0.335693 0.000000 -0.008483 0.853407 -0.521177 9.617900 -0.398080 0.475234 0.784656 1.685000 0.000000 0.000000 0.000000 1.000000
0.947588 0.178598 0.264914 -0.000000 -0.013375 0.850614 -0.525620 9.617900 -0.319214 0.494528 0.808421 1.685000 0.000000 0.000000 0.000000 1.000000
0.980008 0.074570 0.184456 0.000000 0.028014 0.866151 -0.498997 9.617900 -0.196977 0.494188 0.846746 1.685000 0.000000 0.000000 0.000000 1.000000
0.992245 -0.111747 0.054436 0.000000 0.124199 0.873599 -0.470531 9.617900 0.005025 0.473643 0.880703 1.685000 0.000000 0.000000 0.000000 1.000000</float_array><technique_common><accessor source="#mixamorig_Head-Matrix-animation-output-transform-array" count="31" stride="16"><param type="float4x4"/></accessor></technique_common></source><source id="mixamorig_Head-Interpolations"><Name_array id="mixamorig_Head-Interpolations-array" count="31">
 LINEAR LINEAR LINEAR LINEAR LINEAR LINEAR LINEAR LINEAR LINEAR LINEAR LINEAR
LINEAR LINEAR LINEAR LINEAR LINEAR LINEAR LINEAR LINEAR LINEAR LINEAR LINEAR LINEAR
LINEAR LINEAR LINEAR LINEAR LINEAR LINEAR LINEAR LINEAR</Name_array><technique_common><accessor source="#mixamorig_Head-Interpolations-array" count="31"><param type="name"/></accessor></technique_common></source><sampler id="mixamorig_Head-Matrix-animation-transform"><input semantic="INPUT" source="#mixamorig_Head-Matrix-animation-input"/><input semantic="OUTPUT" source="#mixamorig_Head-Matrix-animation-output-transform"/><input semantic="INTERPOLATION" source="#mixamorig_Head-Interpolations"/></sampler><channel source="#mixamorig_Head-Matrix-animation-transform" target="mixamorig_Head/matrix"/></animation>
    <animation id="mixamorig_LeftShoulder-anim" name="mixamorig_LeftShoulder"><source id="mixamorig_LeftShoulder-Matrix-animation-input"><float_array id="mixamorig_LeftShoulder-Matrix-animation-input-array" count="31">

0.000000 0.033333 0.066667 0.100000 0.133333 0.166667 0.200000 0.233333 0.266667 0.300000 0.333333 0.366667 0.400000 0.433333 0.466667 0.500000
