<?xml version="1.0" encoding="utf-8"?>
<COLLADA xmlns="http://www.collada.org/2005/11/COLLADASchema" version="1.4.1">
  <asset><contributor><author>Mixamo</author><authoring_tool>COLLADA Mixamo exporter</authoring_tool><comments></comments></contributor><created>2021-04-18T12:40:19Z</created><modified>2021-04-18T12:40:19Z</modified><revision></revision><title></title><unit meter="0.010000"/><up_axis>Y_UP</up_axis></asset>
  <library_animations>
    <animation id="mixamorig_Hips-anim" name="mixamorig_Hips"><source id="mixamorig_Hips-Matrix-animation-input"><float_array id="mixamorig_Hips-Matrix-animation-input-array" count="103">

0.000000 0.033333 0.066667 0.100000 0.133333 0.166667 0.200000 0.233333 0.266667 0.300000 0.333333 0.366667 0.400000 0.433333 0.466667 0.500000
0.533333 0.566667 0.600000 0.633333 0.666667 0.700000 0.733333 0.766667 0.800000 0.833333 0.866667 0.900000 0.933333 0.966667 1.000000 1.033333
1.066667 1.100000 1.133333 1.166667 1.200000 1.233333 1.266667 1.300000 1.333333 1.366667 1.400000 1.433333 1.466667 1.500000 1.533333 1.566667
1.600000 1.633333 1.666667 1.700000 1.733333 1.766667 1.800000 1.833333 1.866667 1.900000 1.933333 1.966667 2.000000 2.033333 2.066667 2.100000
2.133333 2.166667 2.200000 2.233333 2.266667 2.300000 2.333333 2.366667 2.400000 2.433333 2.466667 2.500000 2.533333 2.566667 2.600000 2.633333
2.666667 2.700000 2.733333 2.766667 2.800000 2.833333 2.866667 2.900000 2.933333 2.966667 3.000000 3.033333 3.066667 3.100000 3.133333 3.166667
3.200000 3.233333 3.266667 3.300000 3.333333 3.366667 3.400000</float_array><technique_common><accessor source="#mixamorig_Hips-Matrix-animation-input-array" count="103"><param name="TIME" type="float"/></accessor></technique_common></source><source id="mixamorig_Hips-Matrix-animation-output-transform"><float_array id="mixamorig_Hips-Matrix-animation-output-transform-array" count="1648">

0.155577 -0.394410 -0.905669 -4.265250 0.019899 0.917898 -0.396318 98.577164 0.987623 0.043636 0.150652 0.526745 0.000000 0.000000 0.000000 1.000000
0.159430 -0.387951 -0.907786 -4.624873 0.024503 0.920820 -0.389218 98.246933 0.986905 0.039809 0.156312 0.022900 0.000000 0.000000 0.000000 1.000000
0.160761 -0.381507 -0.910279 -4.988545 0.027658 0.923654 -0.382228 97.901596 0.986606 0.036270 0.159039 -0.541176 0.000000 0.000000 0.000000 1.000000
0.158718 -0.374449 -0.913563 -5.345794 0.029100 0.926664 -0.374763 97.576355 0.986895 0.032897 0.157975 -1.150254 0.000000 0.000000 0.000000 1.000000
0.151494 -0.366335 -0.918068 -5.674305 0.028076 0.930008 -0.366467 97.317276 0.988059 0.029742 0.151176 -1.794385 0.000000 0.000000 0.000000 1.000000
0.137100 -0.356908 -0.924024 -5.950383 0.023847 0.933751 -0.357127 97.171104 0.990270 0.026927 0.136528 -2.452384 0.000000 0.000000 0.000000 1.000000
0.113625 -0.345973 -0.931339 -6.152910 0.015720 0.937918 -0.346500 97.178123 0.993399 0.024730 0.112009 -3.094054 0.000000 0.000000 0.000000 1.000000
0.079631 -0.334160 -0.939146 -6.277594 0.003119 0.942217 -0.334988 97.333107 0.996819 0.023746 0.076072 -3.682497 0.000000 0.000000 0.000000 1.000000
0.034525 -0.322676 -0.945879 -6.338017 -0.014339 0.946186 -0.323304 97.588974 0.999301 0.024725 0.028040 -4.182215 0.000000 0.000000 0.000000 1.000000
-0.021196 -0.312415 -0.949709 -6.354475 -0.036780 0.949523 -0.311533 97.895981 0.999099 0.028327 -0.031616 -4.570108 0.000000 0.000000 0.000000 1.000000
-0.085775 -0.303895 -0.948836 -6.353803 -0.063816 0.952067 -0.299160 98.197922 0.994269 0.034890 -0.101057 -4.840266 0.000000 0.000000 0.000000 1.000000
-0.156289 -0.297280 -0.941912 -6.365645 -0.094211 0.953770 -0.285390 98.438515 0.983208 0.044135 -0.177071 -5.007475 0.000000 0.000000 0.000000 1.000000
-0.229221 -0.292655 -0.928338 -6.416071 -0.127143 0.954562 -0.269528 98.584618 0.965035 0.056250 -0.256015 -5.093326 0.000000 0.000000 0.000000 1.000000
-0.300899 -0.290117 -0.908456 -6.527070 -0.161091 0.954377 -0.251426 98.599609 0.939952 0.070690 -0.333906 -5.134359 0.000000 0.000000 0.000000 1.000000
-0.368224 -0.289438 -0.883537 -6.708521 -0.194409 0.953270 -0.231260 98.460869 0.909184 0.086612 -0.407286 -5.174197 0.000000 0.000000 0.000000 1.000000
-0.429292 -0.288327 -0.855907 -6.925030 -0.226077 0.951809 -0.207241 98.277695 0.874413 0.104534 -0.473788 -5.250626 0.000000 0.000000 0.000000 1.000000
-0.483300 -0.286380 -0.827289 -7.156013 -0.255557 0.949974 -0.179554 98.089157 0.837324 0.124641 -0.532310 -5.384898 0.000000 0.000000 0.000000 1.000000
-0.530531 -0.283989 -0.798678 -7.384049 -0.282773 0.947531 -0.149082 97.909996 0.799110 0.146751 -0.582999 -5.578969 0.000000 0.000000 0.000000 1.000000
-0.572174 -0.281583 -0.770278 -7.591138 -0.307715 0.944304 -0.116625 97.745483 0.760216 0.170296 -0.626954 -5.815744 0.000000 0.000000 0.000000 1.000000
-0.609945 -0.279512 -0.741512 -7.761635 -0.330220 0.940265 -0.082803 97.586632 0.720363 0.194356 -0.665810 -6.056896 0.000000 0.000000 0.000000 1.000000
-0.645557 -0.277987 -0.711322 -7.872905 -0.349669 0.935627 -0.048305 97.425064 0.678960 0.217544 -0.701204 -6.226215 0.000000 0.000000 0.000000 1.000000
-0.679896 -0.276624 -0.679132 -7.929145 -0.364814 0.930975 -0.013981 97.225258 0.636123 0.238252 -0.733883 -6.286551 0.000000 0.000000 0.000000 1.000000
-0.712963 -0.275231 -0.644928 -7.902785 -0.374310 0.927126 0.018134 96.941429 0.592938 0.254331 -0.764028 -6.112563 0.000000 0.000000 0.000000 1.000000
-0.743012 -0.272445 -0.611316 -7.794194 -0.376265 0.925424 0.044890 96.497208 0.553496 0.263371 -0.790113 -5.644941 0.000000 0.000000 0.000000 1.000000
-0.766035 -0.269381 -0.583630 -7.604331 -0.372830 0.925824 0.062029 95.899467 0.523630 0.265111 -0.809647 -4.799112 0.000000 0.000000 0.000000 1.000000
-0.776971 -0.266049 -0.570556 -7.349257 -0.365491 0.928561 0.064732 95.137573 0.512575 0.258828 -0.818703 -3.542981 0.000000 0.000000 0.000000 1.000000
-0.769208 -0.262820 -0.582447 -7.049097 -0.355898 0.933244 0.048906 94.287697 0.530712 0.244911 -0.811396 -1.870192 0.000000 0.000000 0.000000 1.000000
-0.734164 -0.259592 -0.627387 -6.742240 -0.342919 0.939280 0.012639 93.459679 0.586011 0.224422 -0.778605 0.166760 0.000000 0.000000 0.000000 1.000000
-0.660499 -0.255951 -0.705855 -6.474038 -0.321286 0.946033 -0.042401 92.820930 0.678614 0.198775 -0.707087 2.475370 0.000000 0.000000 0.000000 1.000000
-0.536302 -0.251394 -0.805718 -6.281480 -0.282291 0.953063 -0.109469 92.546364 0.795420 0.168739 -0.582095 4.919617 0.000000 0.000000 0.000000 1.000000
-0.356236 -0.246461 -0.901306 -6.183601 -0.218695 0.959787 -0.176014 92.766449 0.908443 0.134409 -0.395811 7.349381 0.000000 0.000000 0.000000 1.000000
-0.130866 -0.242823 -0.961203 -6.171400 -0.130396 0.965334 -0.226114 93.507225 0.982787 0.095746 -0.157993 9.622626 0.000000 0.000000 0.000000 1.000000
0.110999 -0.242476 -0.963787 -6.230731 -0.027338 0.968667 -0.246852 94.664307 0.993444 0.053748 0.100893 11.588150 0.000000 0.000000 0.000000 1.000000
0.334616 -0.246789 -0.909466 -6.369754 0.076570 0.969028 -0.234780 95.979584 0.939239 0.008923 0.343149 13.106517 0.000000 0.000000 0.000000 1.000000
0.516819 -0.254863 -0.817277 -6.588775 0.166447 0.966355 -0.196097 97.188118 0.839758 -0.034687 0.541852 14.183119 0.000000 0.000000 0.000000 1.000000
0.654014 -0.264669 -0.708672 -6.873860 0.236608 0.961366 -0.140685 98.044800 0.718528 -0.075668 0.691370 14.894060 0.000000 0.000000 0.000000 1.000000
0.754383 -0.277102 -0.595081 -7.196696 0.290180 0.953922 -0.076337 98.498413 0.588814 -0.115093 0.800032 15.356001 0.000000 0.000000 0.000000 1.000000
0.828496 -0.291859 -0.477925 -7.519674 0.328169 0.944586 -0.007950 98.633804 0.453761 -0.150253 0.878365 15.743493 0.000000 0.000000 0.000000 1.000000
0.883846 -0.306459 -0.353411 -7.821732 0.348676 0.935256 0.060999 98.565422 0.311837 -0.177139 0.933477 16.217186 0.000000 0.000000 0.000000 1.000000
0.923063 -0.316623 -0.218413 -8.102438 0.348519 0.928711 0.126612 98.359055 0.162755 -0.192992 0.967608 16.872351 0.000000 0.000000 0.000000 1.000000
0.942918 -0.323831 -0.077713 -8.340924 0.332783 0.925117 0.182795 98.352547 0.012699 -0.198222 0.980075 17.650906 0.000000 0.000000 0.000000 1.000000
0.943634 -0.325570 0.059652 -8.551968 0.305138 0.925513 0.224313 98.570183 -0.128239 -0.193468 0.972690 18.496531 0.000000 0.000000 0.000000 1.000000
0.929355 -0.320664 0.182957 -8.744181 0.271808 0.929660 0.248703 98.992546 -0.249838 -0.181404 0.951143 19.326057 0.000000 0.000000 0.000000 1.000000
0.907577 -0.309127 0.284155 -8.922285 0.238402 0.936459 0.257312 99.540733 -0.345642 -0.165787 0.923605 20.062481 0.000000 0.000000 0.000000 1.000000
0.886085 -0.292388 0.359670 -9.085332 0.208418 0.944407 0.254279 100.117760 -0.414022 -0.150351 0.897764 20.650087 0.000000 0.000000 0.000000 1.000000
0.870387 -0.273037 0.409727 -9.239331 0.183509 0.952092 0.244632 100.612740 -0.456892 -0.137736 0.878794 21.050138 0.000000 0.000000 0.000000 1.000000
0.862612 -0.253067 0.438015 -9.378431 0.162993 0.958738 0.232927 100.991196 -0.478888 -0.129532 0.868267 21.270082 0.000000 0.000000 0.000000 1.000000
0.862189 -0.234366 0.449114 -9.504365 0.146372 0.963986 0.222049 101.226669 -0.484980 -0.125711 0.865443 21.324196 0.000000 0.000000 0.000000 1.000000
0.867137 -0.218187 0.447736 -9.620519 0.133506 0.967868 0.213091 101.328133 -0.479843 -0.125004 0.868404 21.230814 0.000000 0.000000 0.000000 1.000000
0.875316 -0.205113 0.437893 -9.727505 0.124560 0.970660 0.205679 101.357590 -0.467233 -0.125490 0.875183 21.035128 0.000000 0.000000 0.000000 1.000000
0.884973 -0.194765 0.422954 -9.825385 0.119121 0.972791 0.198714 101.351547 -0.450148 -0.125474 0.884094 20.764898 0.000000 0.000000 0.000000 1.000000
0.894963 -0.186409 0.405331 -9.912687 0.116495 0.974650 0.191015 101.348969 -0.430663 -0.123732 0.893991 20.442801 0.000000 0.000000 0.000000 1.000000
0.904658 -0.179188 0.386633 -9.986593 0.115714 0.976501 0.181814 101.374931 -0.410126 -0.119741 0.904134 20.087563 0.000000 0.000000 0.000000 1.000000
0.913769 -0.172358 0.367856 -10.044493 0.115741 0.978458 0.170948 101.424408 -0.389396 -0.113631 0.914034 19.716019 0.000000 0.000000 0.000000 1.000000
0.922170 -0.165548 0.349565 -10.083605 0.115827 0.980495 0.158788 101.477226 -0.369034 -0.105940 0.923358 19.343813 0.000000 0.000000 0.000000 1.000000
0.929799 -0.158819 0.332039 -10.101135 0.115674 0.982495 0.146023 101.510933 -0.349418 -0.097364 0.931895 18.984743 0.000000 0.000000 0.000000 1.000000
0.936608 -0.152325 0.315536 -10.091127 0.115136 0.984347 0.133436 101.518021 -0.330922 -0.088648 0.939485 18.655344 0.000000 0.000000 0.000000 1.000000
0.942581 -0.146461 0.300151 -10.048889 0.114451 0.985948 0.121686 101.500786 -0.313756 -0.080346 0.946098 18.369268 0.000000 0.000000 0.000000 1.000000
0.947742 -0.141746 0.285822 -9.975184 0.114112 0.987224 0.111209 101.455818 -0.297933 -0.072782 0.951808 18.130457 0.000000 0.000000 0.000000 1.000000
0.952169 -0.138625 0.272317 -9.874084 0.114629 0.988136 0.102211 101.391426 -0.283256 -0.066107 0.956763 17.946222 0.000000 0.000000 0.000000 1.000000
0.955968 -0.137278 0.259383 -9.751390 0.116276 0.988690 0.094721 101.315475 -0.269452 -0.060390 0.961118 17.818613 0.000000 0.000000 0.000000 1.000000
0.959266 -0.137611 0.246724 -9.614126 0.119066 0.988921 0.088643 101.238182 -0.256188 -0.055656 0.965023 17.748167 0.000000 0.000000 0.000000 1.000000
0.962193 -0.139384 0.234002 -9.470063 0.122871 0.988879 0.083797 101.164375 -0.243079 -0.051877 0.968618 17.730801 0.000000 0.000000 0.000000 1.000000
0.964868 -0.142205 0.220923 -9.324777 0.127398 0.988623 0.079960 101.100021 -0.229780 -0.049005 0.972008 17.761400 0.000000 0.000000 0.000000 1.000000
0.967387 -0.145541 0.207317 -9.181767 0.132201 0.988236 0.076888 101.052345 -0.216069 -0.046973 0.975248 17.834963 0.000000 0.000000 0.000000 1.000000
0.969800 -0.148899 0.193175 -9.043222 0.136854 0.987798 0.074343 101.025192 -0.201887 -0.045661 0.978344 17.943682 0.000000 0.000000 0.000000 1.000000
0.972121 -0.151769 0.178739 -8.909735 0.140894 0.987394 0.072119 101.017120 -0.187431 -0.044926 0.981250 18.077488 0.000000 0.000000 0.000000 1.000000
0.974324 -0.153848 0.164387 -8.782639 0.144045 0.987089 0.070053 101.020424 -0.173042 -0.044575 0.983905 18.224247 0.000000 0.000000 0.000000 1.000000
0.976363 -0.155058 0.150575 -8.663226 0.146242 0.986907 0.068023 101.028419 -0.159151 -0.044395 0.986256 18.371473 0.000000 0.000000 0.000000 1.000000
0.978183 -0.155533 0.137723 -8.553178 0.147625 0.986843 0.065944 101.034088 -0.146167 -0.044174 0.988273 18.506918 0.000000 0.000000 0.000000 1.000000
0.979747 -0.155518 0.126136 -8.453602 0.148440 0.986864 0.063758 101.034592 -0.134395 -0.043743 0.989962 18.621420 0.000000 0.000000 0.000000 1.000000
0.981050 -0.155214 0.115976 -8.364469 0.148885 0.986945 0.061428 101.030754 -0.123996 -0.042997 0.991351 18.711266 0.000000 0.000000 0.000000 1.000000
0.982106 -0.154845 0.107191 -8.285845 0.149194 0.987051 0.058926 101.020744 -0.114927 -0.041880 0.992491 18.774080 0.000000 0.000000 0.000000 1.000000
0.982947 -0.154590 0.099588 -8.217165 0.149553 0.987153 0.056242 101.006058 -0.107003 -0.040390 0.993438 18.810373 0.000000 0.000000 0.000000 1.000000
0.983608 -0.154527 0.092932 -8.157413 0.150053 0.987236 0.053386 100.990784 -0.099995 -0.038567 0.994240 18.823458 0.000000 0.000000 0.000000 1.000000
0.984135 -0.154602 0.087039 -8.105961 0.150642 0.987303 0.050394 100.974243 -0.093725 -0.036483 0.994929 18.818546 0.000000 0.000000 0.000000 1.000000
0.984569 -0.154688 0.081829 -8.061529 0.151195 0.987370 0.047326 100.959084 -0.088116 -0.034223 0.995522 18.802811 0.000000 0.000000 0.000000 1.000000
0.984927 -0.154740 0.077292 -8.023316 0.151662 0.987441 0.044254 100.947182 -0.083169 -0.031865 0.996026 18.781540 0.000000 0.000000 0.000000 1.000000
0.985228 -0.154655 0.073530 -7.990365 0.151936 0.987528 0.041268 100.939171 -0.078995 -0.029486 0.996439 18.760511 0.000000 0.000000 0.000000 1.000000
0.985478 -0.154403 0.070663 -7.961914 0.151984 0.987635 0.038448 100.933830 -0.075726 -0.027150 0.996759 18.743315 0.000000 0.000000 0.000000 1.000000
0.985664 -0.154073 0.068755 -7.937438 0.151897 0.987746 0.035856 100.929375 -0.073437 -0.024898 0.996989 18.730373 0.000000 0.000000 0.000000 1.000000
0.985786 -0.153718 0.067801 -7.916520 0.151734 0.987853 0.033527 100.921303 -0.072131 -0.022763 0.997135 18.721590 0.000000 0.000000 0.000000 1.000000
0.985847 -0.153373 0.067691 -7.898291 0.151539 0.987950 0.031467 100.906906 -0.071701 -0.020764 0.997210 18.716780 0.000000 0.000000 0.000000 1.000000
0.985853 -0.153110 0.068196 -7.881096 0.151397 0.988028 0.029653 100.887573 -0.071919 -0.018909 0.997231 18.715303 0.000000 0.000000 0.000000 1.000000
0.985819 -0.152959 0.069028 -7.863155 0.151346 0.988083 0.028048 100.865814 -0.072495 -0.017203 0.997220 18.717051 0.000000 0.000000 0.000000 1.000000
0.985765 -0.152913 0.069893 -7.843325 0.151391 0.988116 0.026610 100.841759 -0.073132 -0.015650 0.997199 18.721642 0.000000 0.000000 0.000000 1.000000
0.985712 -0.152958 0.070543 -7.820730 0.151522 0.988130 0.025300 100.816711 -0.073576 -0.014250 0.997188 18.728807 0.000000 0.000000 0.000000 1.000000
0.985676 -0.153063 0.070812 -7.794842 0.151714 0.988131 0.024085 100.792778 -0.073658 -0.012997 0.997199 18.738657 0.000000 0.000000 0.000000 1.000000
0.985669 -0.153188 0.070634 -7.765615 0.151926 0.988126 0.022940 100.772308 -0.073310 -0.011880 0.997238 18.751551 0.000000 0.000000 0.000000 1.000000
0.985698 -0.153271 0.070047 -7.733228 0.152095 0.988124 0.021853 100.758400 -0.072565 -0.010887 0.997304 18.768612 0.000000 0.000000 0.000000 1.000000
0.985761 -0.153275 0.069156 -7.698514 0.152183 0.988133 0.020826 100.751350 -0.071528 -0.010005 0.997388 18.790186 0.000000 0.000000 0.000000 1.000000
0.985841 -0.153239 0.068076 -7.663146 0.152226 0.988146 0.019866 100.746643 -0.070313 -0.009221 0.997482 18.814423 0.000000 0.000000 0.000000 1.000000
0.985931 -0.153170 0.066933 -7.628035 0.152228 0.988163 0.018987 100.741989 -0.069049 -0.008530 0.997577 18.840651 0.000000 0.000000 0.000000 1.000000
0.986021 -0.153069 0.065818 -7.593775 0.152190 0.988184 0.018199 100.735130 -0.067826 -0.007928 0.997666 18.868259 0.000000 0.000000 0.000000 1.000000
0.986106 -0.152978 0.064755 -7.560945 0.152154 0.988202 0.017502 100.724205 -0.066669 -0.007406 0.997748 18.895567 0.000000 0.000000 0.000000 1.000000
0.986183 -0.152914 0.063726 -7.529568 0.152138 0.988215 0.016885 100.710602 -0.065557 -0.006956 0.997825 18.921543 0.000000 0.000000 0.000000 1.000000
0.986250 -0.152922 0.062661 -7.499909 0.152190 0.988216 0.016329 100.695213 -0.064420 -0.006568 0.997901 18.944164 0.000000 0.000000 0.000000 1.000000
0.986312 -0.152992 0.061502 -7.471259 0.152299 0.988208 0.015819 100.683075 -0.063197 -0.006235 0.997982 18.963202 0.000000 0.000000 0.000000 1.000000
0.986375 -0.153101 0.060208 -7.442439 0.152447 0.988193 0.015341 100.680252 -0.061846 -0.005954 0.998068 18.979179 0.000000 0.000000 0.000000 1.000000
0.986443 -0.153220 0.058771 -7.412727 0.152602 0.988175 0.014892 100.689636 -0.060357 -0.005721 0.998160 18.992571 0.000000 0.000000 0.000000 1.000000
0.986520 -0.153309 0.057221 -7.382252 0.152725 0.988163 0.014471 100.710144 -0.058762 -0.005537 0.998257 19.003807 0.000000 0.000000 0.000000 1.000000
0.986608 -0.153337 0.055610 -7.353030 0.152784 0.988159 0.014082 100.733315 -0.057111 -0.005397 0.998353 19.011789 0.000000 0.000000 0.000000 1.000000
0.986655 -0.153328 0.054802 -7.339177 0.152790 0.988161 0.013897 100.744087 -0.056284 -0.005338 0.998401 19.014811 0.000000 0.000000 0.000000 1.000000</float_array><technique_common><accessor source="#mixamorig_Hips-Matrix-animation-output-transform-array" count="103" stride="16"><param type="float4x4"/></accessor></technique_common></source><source id="mixamorig_Hips-Interpolations"><Name_array id="mixamorig_Hips-Interpolations-array" count="103">
 LINEAR LINEAR LINEAR LINEAR LINEAR LINEAR LINEAR LINEAR LINEAR LINEAR LINEAR
LINEAR LINEAR LINEAR LINEAR LINEAR LINEAR LINEAR LINEAR LINEAR LINEAR LINEAR LINEAR
LINEAR LINEAR LINEAR LINEAR LINEAR LINEAR LINEAR LINEAR LINEAR LINEAR LINEAR LINEAR
LINEAR LINEAR LINEAR LINEAR LINEAR LINEAR LINEAR LINEAR LINEAR LINEAR LINEAR LINEAR
LINEAR LINEAR LINEAR LINEAR LINEAR LINEAR LINEAR LINEAR LINEAR LINEAR LINEAR LINEAR
LINEAR LINEAR LINEAR LINEAR LINEAR LINEAR LINEAR LINEAR LINEAR LINEAR LINEAR LINEAR
LINEAR LINEAR LINEAR LINEAR LINEAR LINEAR LINEAR LINEAR LINEAR LINEAR LINEAR LINEAR
LINEAR LINEAR LINEAR LINEAR LINEAR LINEAR LINEAR LINEAR LINEAR LINEAR LINEAR LINEAR
LINEAR LINEAR LINEAR LINEAR LINEAR LINEAR LINEAR LINEAR</Name_array><technique_common><accessor source="#mixamorig_Hips-Interpolations-array" count="103"><param type="name"/></accessor></technique_common></source><sampler id="mixamorig_Hips-Matrix-animation-transform"><input semantic="INPUT" source="#mixamorig_Hips-Matrix-animation-input"/><input semantic="OUTPUT" source="#mixamorig_Hips-Matrix-animation-output-transform"/><input semantic="INTERPOLATION" source="#mixamorig_Hips-Interpolations"/></sampler><channel source="#mixamorig_Hips-Matrix-animation-transform" target="mixamorig_Hips/matrix"/></animation>
    <animation id="mixamorig_Spine-anim" name="mixamorig_Spine"><source id="mixamorig_Spine-Matrix-animation-input"><float_array id="mixamorig_Spine-Matrix-animation-input-array" count="103">

0.000000 0.033333 0.066667 0.100000 0.133333 0.166667 0.200000 0.233333 0.266667 0.300000 0.333333 0.366667 0.400000 0.433333 0.466667 0.500000
0.533333 0.566667 0.600000 0.633333 0.666667 0.700000 0.733333 0.766667 0.800000 0.833333 0.866667 0.900000 0.933333 0.966667 1.000000 1.033333
1.066667 1.100000 1.133333 1.166667 1.200000 1.233333 1.266667 1.300000 1.333333 1.366667 1.400000 1.433333 1.466667 1.500000 1.533333 1.566667
1.600000 1.633333 1.666667 1.700000 1.733333 1.766667 1.800000 1.833333 1.866667 1.900000 1.933333 1.966667 2.000000 2.033333 2.066667 2.100000
2.133333 2.166667 2.200000 2.233333 2.266667 2.300000 2.333333 2.366667 2.400000 2.433333 2.466667 2.500000 2.533333 2.566667 2.600000 2.633333
2.666667 2.700000 2.733333 2.766667 2.800000 2.833333 2.866667 2.900000 2.933333 2.966667 3.000000 3.033333 3.066667 3.100000 3.133333 3.166667
3.200000 3.233333 3.266667 3.300000 3.333333 3.366667 3.400000</float_array><technique_common><accessor source="#mixamorig_Spine-Matrix-animation-input-array" count="103"><param name="TIME" type="float"/></accessor></technique_common></source><source id="mixamorig_Spine-Matrix-animation-output-transform"><float_array id="mixamorig_Spine-Matrix-animation-output-transform-array" count="1648">

0.999147 -0.018479 0.036934 0.000000 0.026169 0.975134 -0.220064 10.181600 -0.031949 0.220842 0.974786 0.131500 0.000000 0.000000 0.000000 1.000000
0.999986 -0.005306 0.000615 -0.000000 0.005307 0.973853 -0.227117 10.181600 0.000606 0.227117 0.973867 0.131500 0.000000 0.000000 0.000000 1.000000
0.999421 0.007414 -0.033219 0.000000 -0.014905 0.972764 -0.231319 10.181600 0.030599 0.231680 0.972311 0.131500 0.000000 0.000000 0.000000 1.000000
0.997828 0.020223 -0.062698 0.000000 -0.034363 0.971763 -0.233442 10.181600 0.056206 0.235090 0.970347 0.131500 0.000000 0.000000 0.000000 1.000000
0.995621 0.033572 -0.087248 -0.000000 -0.053216 0.970853 -0.233694 10.181600 0.076860 0.237313 0.968388 0.131500 0.000000 0.000000 0.000000 1.000000
0.993265 0.048032 -0.105443 0.000000 -0.071523 0.970125 -0.231824 10.181600 0.091158 0.237804 0.967026 0.131500 0.000000 0.000000 0.000000 1.000000
0.991349 0.064101 -0.114534 0.000000 -0.088981 0.969713 -0.227462 10.181600 0.096484 0.235686 0.967028 0.131500 0.000000 0.000000 0.000000 1.000000
0.989873 0.082340 -0.115639 0.000000 -0.106384 0.969629 -0.220234 10.181600 0.093993 0.230306 0.968568 0.131500 0.000000 0.000000 0.000000 1.000000
0.988561 0.103017 -0.110159 0.000000 -0.124384 0.969937 -0.209167 10.181600 0.085300 0.220476 0.971655 0.131500 0.000000 0.000000 0.000000 1.000000
0.986987 0.126102 -0.099777 0.000000 -0.143598 0.970437 -0.193990 10.181600 0.072365 0.205793 0.975916 0.131500 0.000000 0.000000 0.000000 1.000000
0.984627 0.151473 -0.086982 0.000000 -0.164790 0.970672 -0.175045 10.181600 0.057917 0.186687 0.980711 0.131500 0.000000 0.000000 0.000000 1.000000
0.980936 0.179237 -0.075092 -0.000000 -0.188945 0.970015 -0.152873 10.181600 0.045440 0.164147 0.985389 0.131500 0.000000 0.000000 0.000000 1.000000
0.975674 0.208698 -0.067123 0.000000 -0.215858 0.968014 -0.127883 10.181600 0.038288 0.139261 0.989515 0.131500 0.000000 0.000000 0.000000 1.000000
0.968746 0.239112 -0.066005 0.000000 -0.244849 0.964395 -0.099960 10.181600 0.039753 0.112997 0.992800 0.131500 0.000000 0.000000 0.000000 1.000000
0.960621 0.268655 -0.070932 -0.000000 -0.273541 0.959192 -0.071588 10.181600 0.048805 0.088172 0.994909 0.131500 0.000000 0.000000 0.000000 1.000000
0.951450 0.295526 -0.086060 0.000000 -0.300233 0.952665 -0.047859 10.181600 0.067843 0.071373 0.995140 0.131500 0.000000 0.000000 0.000000 1.000000
0.941972 0.316812 -0.110990 -0.000000 -0.321805 0.946333 -0.029928 10.181600 0.095552 0.063908 0.993371 0.131500 0.000000 0.000000 0.000000 1.000000
0.933162 0.329385 -0.143924 0.000000 -0.335297 0.941936 -0.018253 10.181600 0.129555 0.065290 0.989420 0.131500 0.000000 0.000000 0.000000 1.000000
0.926075 0.331330 -0.180571 -0.000000 -0.339269 0.940584 -0.014095 10.181600 0.165172 0.074315 0.983461 0.131500 0.000000 0.000000 0.000000 1.000000
0.920908 0.323345 -0.217664 -0.000000 -0.335019 0.942039 -0.017999 10.181600 0.199228 0.089497 0.975858 0.131500 0.000000 0.000000 0.000000 1.000000
0.917337 0.307724 -0.252586 0.000000 -0.324987 0.945284 -0.028648 10.181600 0.229950 0.108367 0.967150 0.131500 0.000000 0.000000 0.000000 1.000000
0.914389 0.289233 -0.283261 0.000000 -0.313501 0.948595 -0.043409 10.181600 0.256144 0.128496 0.958060 0.131500 0.000000 0.000000 0.000000 1.000000
0.910675 0.273008 -0.310060 0.000000 -0.304816 0.950629 -0.058242 10.181600 0.278851 0.147550 0.948931 0.131500 0.000000 0.000000 0.000000 1.000000
0.904789 0.264289 -0.333929 0.000000 -0.302903 0.950564 -0.068398 10.181600 0.299344 0.163033 0.940113 0.131500 0.000000 0.000000 0.000000 1.000000
0.897419 0.262847 -0.354331 -0.000000 -0.306464 0.949148 -0.072095 10.181600 0.317363 0.173289 0.932337 0.131500 0.000000 0.000000 0.000000 1.000000
0.889270 0.266803 -0.371503 0.000000 -0.313221 0.947130 -0.069557 10.181600 0.333303 0.178218 0.925823 0.131500 0.000000 0.000000 0.000000 1.000000
0.882270 0.271108 -0.384837 0.000000 -0.319286 0.945357 -0.066009 10.181600 0.345913 0.181111 0.920621 0.131500 0.000000 0.000000 0.000000 1.000000
0.878505 0.268908 -0.394865 0.000000 -0.320815 0.944512 -0.070533 10.181600 0.353987 0.188642 0.916028 0.131500 0.000000 0.000000 0.000000 1.000000
0.880253 0.254027 -0.400781 0.000000 -0.313837 0.945181 -0.090212 10.181600 0.355894 0.205189 0.911722 0.131500 0.000000 0.000000 0.000000 1.000000
0.888377 0.222413 -0.401646 -0.000000 -0.294308 0.947318 -0.126381 10.181600 0.352377 0.230481 0.907033 0.131500 0.000000 0.000000 0.000000 1.000000
0.902838 0.172079 -0.394045 0.000000 -0.256886 0.950762 -0.173380 10.181600 0.344808 0.257759 0.902589 0.131500 0.000000 0.000000 0.000000 1.000000
0.920790 0.106089 -0.375354 0.000000 -0.198690 0.955668 -0.217303 10.181600 0.335661 0.274670 0.901049 0.131500 0.000000 0.000000 0.000000 1.000000
0.941368 0.032166 -0.335845 0.000000 -0.119929 0.962334 -0.243988 10.181600 0.315347 0.269960 0.909768 0.131500 0.000000 0.000000 0.000000 1.000000
0.958664 -0.034428 -0.282451 0.000000 -0.035300 0.970595 -0.238116 10.181600 0.282344 0.238243 0.929259 0.131500 0.000000 0.000000 0.000000 1.000000
0.973013 -0.089652 -0.212621 0.000000 0.044907 0.977392 -0.206614 10.181600 0.226338 0.191490 0.955041 0.131500 0.000000 0.000000 0.000000 1.000000
0.983743 -0.130526 -0.123341 0.000000 0.110188 0.981051 -0.159365 10.181600 0.141805 0.143184 0.979484 0.131500 0.000000 0.000000 0.000000 1.000000
0.988131 -0.152178 -0.020944 -0.000000 0.149099 0.982949 -0.107611 10.181600 0.036963 0.103211 0.993972 0.131500 0.000000 0.000000 0.000000 1.000000
0.983094 -0.163584 0.082262 0.000000 0.168964 0.983586 -0.063323 10.181600 -0.070554 0.076151 0.994597 0.131500 0.000000 0.000000 0.000000 1.000000
0.968833 -0.173192 0.177109 -0.000000 0.180496 0.983235 -0.025874 10.181600 -0.169658 0.057035 0.983851 0.131500 0.000000 0.000000 0.000000 1.000000
0.948645 -0.183123 0.257952 -0.000000 0.189962 0.981790 -0.001621 10.181600 -0.252958 0.050538 0.966156 0.131500 0.000000 0.000000 0.000000 1.000000
0.922980 -0.188048 0.335777 0.000000 0.194516 0.980791 0.014596 10.181600 -0.332072 0.051842 0.941828 0.131500 0.000000 0.000000 0.000000 1.000000
0.899632 -0.191343 0.392492 0.000000 0.198247 0.979875 0.023294 10.181600 -0.389050 0.056854 0.919460 0.131500 0.000000 0.000000 0.000000 1.000000
0.883119 -0.190062 0.428925 -0.000000 0.197611 0.979899 0.027342 10.181600 -0.425500 0.060614 0.902926 0.131500 0.000000 0.000000 0.000000 1.000000
0.873556 -0.184422 0.450432 0.000000 0.193073 0.980809 0.027135 10.181600 -0.446792 0.063262 0.892398 0.131500 0.000000 0.000000 0.000000 1.000000
0.870644 -0.175733 0.459452 0.000000 0.185842 0.982297 0.023549 10.181600 -0.455457 0.064883 0.887890 0.131500 0.000000 0.000000 0.000000 1.000000
0.872749 -0.164067 0.459773 0.000000 0.175710 0.984283 0.017699 10.181600 -0.455451 0.065340 0.887860 0.131500 0.000000 0.000000 0.000000 1.000000
0.877756 -0.152311 0.454253 -0.000000 0.165028 0.986218 0.011795 10.181600 -0.449789 0.064611 0.890795 0.131500 0.000000 0.000000 0.000000 1.000000
0.884461 -0.142089 0.444454 0.000000 0.155473 0.987819 0.006408 10.181600 -0.439951 0.063433 0.895779 0.131500 0.000000 0.000000 0.000000 1.000000
0.891380 -0.134314 0.432899 -0.000000 0.147926 0.988996 0.002259 10.181600 -0.428438 0.062023 0.901440 0.131500 0.000000 0.000000 0.000000 1.000000
0.898029 -0.128799 0.420660 0.000000 0.142345 0.989817 -0.000815 10.181600 -0.416271 0.060611 0.907218 0.131500 0.000000 0.000000 0.000000 1.000000
0.904584 -0.125106 0.407526 -0.000000 0.138480 0.990359 -0.003356 10.181600 -0.403177 0.059470 0.913188 0.131500 0.000000 0.000000 0.000000 1.000000
0.911014 -0.122333 0.393812 0.000000 0.135639 0.990740 -0.006014 10.181600 -0.389429 0.058895 0.919172 0.131500 0.000000 0.000000 0.000000 1.000000
0.917118 -0.119682 0.380224 -0.000000 0.133112 0.991059 -0.009119 10.181600 -0.375733 0.058976 0.924849 0.131500 0.000000 0.000000 0.000000 1.000000
0.922974 -0.116866 0.366690 -0.000000 0.130576 0.991357 -0.012714 10.181600 -0.362035 0.059616 0.930256 0.131500 0.000000 0.000000 0.000000 1.000000
0.928644 -0.114203 0.352957 0.000000 0.128227 0.991607 -0.016526 10.181600 -0.348107 0.060605 0.935494 0.131500 0.000000 0.000000 0.000000 1.000000
0.933967 -0.111606 0.339486 -0.000000 0.125933 0.991829 -0.020395 10.181600 -0.334436 0.061800 0.940390 0.131500 0.000000 0.000000 0.000000 1.000000
0.938638 -0.109296 0.327127 0.000000 0.123829 0.992017 -0.023864 10.181600 -0.321907 0.062908 0.944679 0.131500 0.000000 0.000000 0.000000 1.000000
0.942743 -0.107665 0.315665 -0.000000 0.122382 0.992113 -0.027115 10.181600 -0.310256 0.064194 0.948483 0.131500 0.000000 0.000000 0.000000 1.000000
0.946270 -0.106809 0.305228 0.000000 0.121742 0.992100 -0.030259 10.181600 -0.299585 0.065792 0.951798 0.131500 0.000000 0.000000 0.000000 1.000000
0.949119 -0.106424 0.296390 -0.000000 0.121548 0.992036 -0.033018 10.181600 -0.290516 0.067364 0.954496 0.131500 0.000000 0.000000 0.000000 1.000000
0.951344 -0.106437 0.289164 0.000000 0.121748 0.991928 -0.035436 10.181600 -0.283059 0.068917 0.956623 0.131500 0.000000 0.000000 0.000000 1.000000
0.953098 -0.106725 0.283220 -0.000000 0.122231 0.991789 -0.037599 10.181600 -0.276882 0.070454 0.958318 0.131500 0.000000 0.000000 0.000000 1.000000
0.954393 -0.107059 0.278698 -0.000000 0.122752 0.991654 -0.039426 10.181600 -0.272151 0.071839 0.959569 0.131500 0.000000 0.000000 0.000000 1.000000
0.955264 -0.107381 0.275574 0.000000 0.123246 0.991535 -0.040860 10.181600 -0.268853 0.072995 0.960411 0.131500 0.000000 0.000000 0.000000 1.000000
0.955811 -0.107770 0.273515 -0.000000 0.123762 0.991429 -0.041850 10.181600 -0.266660 0.073851 0.960957 0.131500 0.000000 0.000000 0.000000 1.000000
0.956171 -0.108276 0.272053 -0.000000 0.124333 0.991332 -0.042440 10.181600 -0.265100 0.074406 0.961346 0.131500 0.000000 0.000000 0.000000 1.000000
0.956407 -0.108976 0.270941 -0.000000 0.125044 0.991231 -0.042712 10.181600 -0.263911 0.074730 0.961648 0.131500 0.000000 0.000000 0.000000 1.000000
0.956513 -0.109808 0.270231 -0.000000 0.125824 0.991137 -0.042622 10.181600 -0.263156 0.074770 0.961852 0.131500 0.000000 0.000000 0.000000 1.000000
0.956588 -0.110789 0.269565 0.000000 0.126689 0.991042 -0.042262 10.181600 -0.262468 0.074578 0.962054 0.131500 0.000000 0.000000 0.000000 1.000000
0.956689 -0.111760 0.268804 -0.000000 0.127513 0.990955 -0.041821 10.181600 -0.261698 0.074286 0.962287 0.131500 0.000000 0.000000 0.000000 1.000000
0.956821 -0.112494 0.268027 0.000000 0.128108 0.990894 -0.041439 10.181600 -0.260925 0.073986 0.962520 0.131500 0.000000 0.000000 0.000000 1.000000
0.957060 -0.112981 0.266969 0.000000 0.128494 0.990849 -0.041315 10.181600 -0.259858 0.073845 0.962819 0.131500 0.000000 0.000000 0.000000 1.000000
0.957400 -0.113194 0.265656 0.000000 0.128656 0.990821 -0.041484 10.181600 -0.258522 0.073895 0.963175 0.131500 0.000000 0.000000 0.000000 1.000000
0.957854 -0.113066 0.264069 -0.000000 0.128548 0.990812 -0.042046 10.181600 -0.256889 0.074220 0.963587 0.131500 0.000000 0.000000 0.000000 1.000000
0.958381 -0.112671 0.262319 0.000000 0.128254 0.990809 -0.043003 10.181600 -0.255063 0.074857 0.964023 0.131500 0.000000 0.000000 0.000000 1.000000
0.958907 -0.112108 0.260633 0.000000 0.127834 0.990813 -0.044136 10.181600 -0.253290 0.075640 0.964429 0.131500 0.000000 0.000000 0.000000 1.000000
0.959405 -0.111550 0.259034 -0.000000 0.127480 0.990798 -0.045483 10.181600 -0.251577 0.076658 0.964797 0.131500 0.000000 0.000000 0.000000 1.000000
0.959893 -0.111056 0.257432 0.000000 0.127228 0.990760 -0.046987 10.181600 -0.249835 0.077855 0.965153 0.131500 0.000000 0.000000 0.000000 1.000000
0.960311 -0.110708 0.256020 0.000000 0.127124 0.990704 -0.048434 10.181600 -0.248278 0.079059 0.965457 0.131500 0.000000 0.000000 0.000000 1.000000
0.960687 -0.110628 0.254640 -0.000000 0.127274 0.990617 -0.049798 10.181600 -0.246741 0.080249 0.965753 0.131500 0.000000 0.000000 0.000000 1.000000
0.961072 -0.110677 0.253163 -0.000000 0.127551 0.990510 -0.051191 10.181600 -0.245095 0.081489 0.966068 0.131500 0.000000 0.000000 0.000000 1.000000
0.961431 -0.110747 0.251765 -0.000000 0.127843 0.990402 -0.052543 10.181600 -0.243530 0.082703 0.966361 0.131500 0.000000 0.000000 0.000000 1.000000
0.961789 -0.110862 0.250341 0.000000 0.128164 0.990290 -0.053848 10.181600 -0.241941 0.083876 0.966659 0.131500 0.000000 0.000000 0.000000 1.000000
0.962164 -0.110935 0.248866 0.000000 0.128434 0.990183 -0.055164 10.181600 -0.240303 0.085040 0.966966 0.131500 0.000000 0.000000 0.000000 1.000000
0.962584 -0.110917 0.247242 0.000000 0.128598 0.990086 -0.056499 10.181600 -0.238525 0.086180 0.967305 0.131500 0.000000 0.000000 0.000000 1.000000
0.963037 -0.110820 0.245518 0.000000 0.128675 0.989997 -0.057869 10.181600 -0.236649 0.087322 0.967663 0.131500 0.000000 0.000000 0.000000 1.000000
0.963436 -0.110674 0.244012 -0.000000 0.128695 0.989919 -0.059142 10.181600 -0.235007 0.088382 0.967967 0.131500 0.000000 0.000000 0.000000 1.000000
0.963841 -0.110543 0.242466 -0.000000 0.128696 0.989849 -0.060303 10.181600 -0.233339 0.089327 0.968284 0.131500 0.000000 0.000000 0.000000 1.000000
0.964250 -0.110465 0.240873 0.000000 0.128728 0.989777 -0.061406 10.181600 -0.231628 0.090218 0.968612 0.131500 0.000000 0.000000 0.000000 1.000000
0.964587 -0.110500 0.239504 0.000000 0.128862 0.989699 -0.062368 10.181600 -0.230146 0.091023 0.968890 0.131500 0.000000 0.000000 0.000000 1.000000
0.964847 -0.110716 0.238352 -0.000000 0.129162 0.989610 -0.063168 10.181600 -0.228882 0.091733 0.969122 0.131500 0.000000 0.000000 0.000000 1.000000
0.965079 -0.111055 0.237252 -0.000000 0.129577 0.989508 -0.063907 10.181600 -0.227665 0.092418 0.969344 0.131500 0.000000 0.000000 0.000000 1.000000
0.965302 -0.111493 0.236139 0.000000 0.130067 0.989402 -0.064551 10.181600 -0.226440 0.093025 0.969573 0.131500 0.000000 0.000000 0.000000 1.000000
0.965503 -0.112037 0.235057 -0.000000 0.130636 0.989293 -0.065060 10.181600 -0.225251 0.093522 0.969802 0.131500 0.000000 0.000000 0.000000 1.000000
0.965714 -0.112656 0.233893 0.000000 0.131259 0.989181 -0.065507 10.181600 -0.223982 0.093962 0.970053 0.131500 0.000000 0.000000 0.000000 1.000000
0.965961 -0.113306 0.232553 0.000000 0.131896 0.989066 -0.065962 10.181600 -0.222537 0.094389 0.970344 0.131500 0.000000 0.000000 0.000000 1.000000
0.966250 -0.113887 0.231064 0.000000 0.132447 0.988962 -0.066417 10.181600 -0.220950 0.094779 0.970669 0.131500 0.000000 0.000000 0.000000 1.000000
0.966558 -0.114318 0.229558 0.000000 0.132837 0.988880 -0.066857 10.181600 -0.219363 0.095115 0.970996 0.131500 0.000000 0.000000 0.000000 1.000000
0.966837 -0.114589 0.228245 0.000000 0.133076 0.988820 -0.067276 10.181600 -0.217984 0.095419 0.971277 0.131500 0.000000 0.000000 0.000000 1.000000
0.967086 -0.114813 0.227074 -0.000000 0.133275 0.988766 -0.067667 10.181600 -0.216754 0.095703 0.971524 0.131500 0.000000 0.000000 0.000000 1.000000
0.967288 -0.115013 0.226109 -0.000000 0.133463 0.988716 -0.068029 10.181600 -0.215733 0.095981 0.971724 0.131500 0.000000 0.000000 0.000000 1.000000
0.967401 -0.115168 0.225548 0.000000 0.133633 0.988672 -0.068335 10.181600 -0.215123 0.096248 0.971833 0.131500 0.000000 0.000000 0.000000 1.000000
0.967738 -0.115279 0.224040 -0.000000 0.133644 0.988655 -0.068564 10.181600 -0.213595 0.096294 0.972165 0.131500 0.000000 0.000000 0.000000 1.000000</float_array><technique_common><accessor source="#mixamorig_Spine-Matrix-animation-output-transform-array" count="103" stride="16"><param type="float4x4"/></accessor></technique_common></source><source id="mixamorig_Spine-Interpolations"><Name_array id="mixamorig_Spine-Interpolations-array" count="103">
 LINEAR LINEAR LINEAR LINEAR LINEAR LINEAR LINEAR LINEAR LINEAR LINEAR LINEAR
LINEAR LINEAR LINEAR LINEAR LINEAR LINEAR LINEAR LINEAR LINEAR LINEAR LINEAR LINEAR
LINEAR LINEAR LINEAR LINEAR LINEAR LINEAR LINEAR LINEAR LINEAR LINEAR LINEAR LINEAR
LINEAR LINEAR LINEAR LINEAR LINEAR LINEAR LINEAR LINEAR LINEAR LINEAR LINEAR LINEAR
LINEAR LINEAR LINEAR LINEAR LINEAR LINEAR LINEAR LINEAR LINEAR LINEAR LINEAR LINEAR
LINEAR LINEAR LINEAR LINEAR LINEAR LINEAR LINEAR LINEAR LINEAR LINEAR LINEAR LINEAR
LINEAR LINEAR LINEAR LINEAR LINEAR LINEAR LINEAR LINEAR LINEAR LINEAR LINEAR LINEAR
LINEAR LINEAR LINEAR LINEAR LINEAR LINEAR LINEAR LINEAR LINEAR LINEAR LINEAR LINEAR
LINEAR LINEAR LINEAR LINEAR LINEAR LINEAR LINEAR LINEAR</Name_array><technique_common><accessor source="#mixamorig_Spine-Interpolations-array" count="103"><param type="name"/></accessor></technique_common></source><sampler id="mixamorig_Spine-Matrix-animation-transform"><input semantic="INPUT" source="#mixamorig_Spine-Matrix-animation-input"/><input semantic="OUTPUT" source="#mixamorig_Spine-Matrix-animation-output-transform"/><input semantic="INTERPOLATION" source="#mixamorig_Spine-Interpolations"/></sampler><channel source="#mixamorig_Spine-Matrix-animation-transform" target="mixamorig_Spine/matrix"/></animation>
    <animation id="mixamorig_Spine1-anim" name="mixamorig_Spine1"><source id="mixamorig_Spine1-Matrix-animation-input"><float_array id="mixamorig_Spine1-Matrix-animation-input-array" count="103">

0.000000 0.033333 0.066667 0.100000 0.133333 0.166667 0.200000 0.233333 0.266667 0.300000 0.333333 0.366667 0.400000 0.433333 0.466667 0.500000
0.533333 0.566667 0.600000 0.633333 0.666667 0.700000 0.733333 0.766667 0.800000 0.833333 0.866667 0.900000 0.933333 0.966667 1.000000 1.033333
1.066667 1.100000 1.133333 1.166667 1.200000 1.233333 1.266667 1.300000 1.333333 1.366667 1.400000 1.433333 1.466667 1.500000 1.533333 1.566667
1.600000 1.633333 1.666667 1.700000 1.733333 1.766667 1.800000 1.833333 1.866667 1.900000 1.933333 1.966667 2.000000 2.033333 2.066667 2.100000
2.133333 2.166667 2.200000 2.233333 2.266667 2.300000 2.333333 2.366667 2.400000 2.433333 2.466667 2.500000 2.533333 2.566667 2.600000 2.633333
2.666667 2.700000 2.733333 2.766667 2.800000 2.833333 2.866667 2.900000 2.933333 2.966667 3.000000 3.033333 3.066667 3.100000 3.133333 3.166667
3.200000 3.233333 3.266667 3.300000 3.333333 3.366667 3.400000</float_array><technique_common><accessor source="#mixamorig_Spine1-Matrix-animation-input-array" count="103"><param name="TIME" type="float"/></accessor></technique_common></source><source id="mixamorig_Spine1-Matrix-animation-output-transform"><float_array id="mixamorig_Spine1-Matrix-animation-output-transform-array" count="1648">

0.999575 -0.009033 0.027701 0.000000 0.014348 0.980065 -0.198159 10.083500 -0.025358 0.198472 0.979778 -1.000800 0.000000 0.000000 0.000000 1.000000
0.999153 -0.010960 0.039676 0.000000 0.018817 0.978904 -0.203452 10.083500 -0.036609 0.204026 0.978281 -1.000800 0.000000 0.000000 0.000000 1.000000
0.998662 -0.010587 0.050622 -0.000000 0.020957 0.977699 -0.208964 10.083500 -0.047281 0.209745 0.976612 -1.000800 0.000000 0.000000 0.000000 1.000000
0.998157 -0.008738 0.060044 0.000000 0.021523 0.976217 -0.215724 10.083500 -0.056731 0.216619 0.974607 -1.000800 0.000000 0.000000 0.000000 1.000000
0.997740 -0.005820 0.066940 0.000000 0.020756 0.974213 -0.224675 10.083500 -0.063906 0.225557 0.972132 -1.000800 0.000000 0.000000 0.000000 1.000000
0.997562 -0.002421 0.069742 -0.000000 0.018933 0.971301 -0.237100 10.083500 -0.067167 0.237843 0.968979 -1.000800 0.000000 0.000000 0.000000 1.000000
0.997803 0.000728 0.066249 0.000000 0.016199 0.966911 -0.254601 10.083500 -0.064242 0.255115 0.964774 -1.000800 0.000000 0.000000 0.000000 1.000000
