<?xml version="1.0" encoding="utf-8"?>
<COLLADA xmlns="http://www.collada.org/2005/11/COLLADASchema" version="1.4.1">
  <asset><contributor><author>Mixamo</author><authoring_tool>COLLADA Mixamo exporter</authoring_tool><comments></comments></contributor><created>2021-04-18T12:40:06Z</created><modified>2021-04-18T12:40:06Z</modified><revision></revision><title></title><unit meter="0.010000"/><up_axis>Y_UP</up_axis></asset>
  <library_animations>
    <animation id="mixamorig_Hips-anim" name="mixamorig_Hips"><source id="mixamorig_Hips-Matrix-animation-input"><float_array id="mixamorig_Hips-Matrix-animation-input-array" count="33">

0.000000 0.033333 0.066667 0.100000 0.133333 0.166667 0.200000 0.233333 0.266667 0.300000 0.333333 0.366667 0.400000 0.433333 0.466667 0.500000
0.533333 0.566667 0.600000 0.633333 0.666667 0.700000 0.733333 0.766667 0.800000 0.833333 0.866667 0.900000 0.933333 0.966667 1.000000 1.033333
1.066667</float_array><technique_common><accessor source="#mixamorig_Hips-Matrix-animation-input-array" count="33"><param name="TIME" type="float"/></accessor></technique_common></source><source id="mixamorig_Hips-Matrix-animation-output-transform"><float_array id="mixamorig_Hips-Matrix-animation-output-transform-array" count="528">

0.998614 -0.000408 -0.052628 -0.274896 0.001935 0.999579 0.028950 88.933289 0.052594 -0.029012 0.998194 1.333324 0.000000 0.000000 0.000000 1.000000
0.998638 -0.000516 -0.052175 -0.210533 0.001877 0.999659 0.026042 90.077271 0.052143 -0.026105 0.998298 1.276085 0.000000 0.000000 0.000000 1.000000
0.998701 0.000279 -0.050953 -0.026157 0.000714 0.999810 0.019481 92.622406 0.050949 -0.019492 0.998511 1.134569 0.000000 0.000000 0.000000 1.000000
0.998788 0.001101 -0.049208 0.214722 -0.000618 0.999952 0.009819 96.413177 0.049216 -0.009776 0.998740 0.906172 0.000000 0.000000 0.000000 1.000000
0.998894 0.000848 -0.047009 0.447818 -0.000936 0.999998 -0.001853 100.861679 0.047008 0.001895 0.998893 0.565455 0.000000 0.000000 0.000000 1.000000
0.999012 0.000274 -0.044449 0.675806 -0.000904 0.999900 -0.014147 105.491829 0.044440 0.014173 0.998911 0.148930 0.000000 0.000000 0.000000 1.000000
0.999143 -0.000178 -0.041392 0.875035 -0.000886 0.999670 -0.025685 110.070160 0.041383 0.025699 0.998813 -0.286983 0.000000 0.000000 0.000000 1.000000
0.999300 0.000712 -0.037410 1.024648 -0.002013 0.999394 -0.034758 113.942368 0.037363 0.034809 0.998695 -0.714713 0.000000 0.000000 0.000000 1.000000
0.999449 0.004700 -0.032863 1.111230 -0.006011 0.999186 -0.039894 116.202118 0.032648 0.040069 0.998663 -1.137793 0.000000 0.000000 0.000000 1.000000
0.999506 0.010816 -0.029516 1.145458 -0.012038 0.999065 -0.041533 116.385635 0.029039 0.041868 0.998701 -1.581663 0.000000 0.000000 0.000000 1.000000
0.999451 0.016641 -0.028643 1.188452 -0.017855 0.998930 -0.042660 114.842140 0.027902 0.043148 0.998679 -2.060502 0.000000 0.000000 0.000000 1.000000
0.999375 0.020803 -0.028566 1.293510 -0.022148 0.998621 -0.047604 112.024353 0.027536 0.048207 0.998458 -2.598291 0.000000 0.000000 0.000000 1.000000
0.999337 0.024515 -0.026915 1.479608 -0.026088 0.997874 -0.059715 107.941177 0.025394 0.060378 0.997853 -3.307786 0.000000 0.000000 0.000000 1.000000
0.999308 0.026971 -0.025605 1.723033 -0.028872 0.996607 -0.077072 102.650131 0.023440 0.077758 0.996697 -4.339530 0.000000 0.000000 0.000000 1.000000
0.999214 0.026017 -0.029897 1.959757 -0.028626 0.995490 -0.090439 97.525711 0.027409 0.091224 0.995453 -5.538256 0.000000 0.000000 0.000000 1.000000
0.998873 0.024153 -0.040858 2.126762 -0.027770 0.995520 -0.090386 94.595421 0.038492 0.091419 0.995068 -6.373195 0.000000 0.000000 0.000000 1.000000
0.998384 0.021650 -0.052540 2.163823 -0.025740 0.996585 -0.078464 95.073563 0.050662 0.079690 0.995531 -6.338828 0.000000 0.000000 0.000000 1.000000
0.998136 0.018880 -0.058039 2.095227 -0.022807 0.997440 -0.067772 98.683693 0.056611 0.068969 0.996011 -5.367276 0.000000 0.000000 0.000000 1.000000
0.998218 0.018148 -0.056841 2.020833 -0.022110 0.997311 -0.069873 104.002335 0.055420 0.071006 0.995935 -3.940711 0.000000 0.000000 0.000000 1.000000
0.998374 0.017225 -0.054341 2.000804 -0.021708 0.996311 -0.083021 109.389122 0.052711 0.084066 0.995065 -2.748531 0.000000 0.000000 0.000000 1.000000
0.998416 0.015206 -0.054172 2.002124 -0.020331 0.995237 -0.095344 113.576904 0.052464 0.096294 0.993969 -2.125326 0.000000 0.000000 0.000000 1.000000
0.998357 0.014158 -0.055519 1.955641 -0.019545 0.995022 -0.097725 116.624451 0.053859 0.098649 0.993664 -1.834425 0.000000 0.000000 0.000000 1.000000
0.998315 0.013568 -0.056425 1.824349 -0.018648 0.995722 -0.090503 118.715942 0.054955 0.091403 0.994296 -1.550768 0.000000 0.000000 0.000000 1.000000
0.998339 0.011945 -0.056367 1.617112 -0.016366 0.996769 -0.078634 119.432030 0.055245 0.079426 0.995309 -1.175803 0.000000 0.000000 0.000000 1.000000
0.998392 0.009525 -0.055873 1.364954 -0.013164 0.997790 -0.065132 118.332130 0.055129 0.065763 0.996311 -0.757809 0.000000 0.000000 0.000000 1.000000
0.998438 0.007679 -0.055337 1.103334 -0.010477 0.998672 -0.050452 115.448036 0.054876 0.050953 0.997192 -0.342248 0.000000 0.000000 0.000000 1.000000
0.998477 0.006654 -0.054768 0.850323 -0.008567 0.999359 -0.034770 111.266464 0.054501 0.035187 0.997894 0.061258 0.000000 0.000000 0.000000 1.000000
0.998519 0.005688 -0.054105 0.598315 -0.006719 0.999799 -0.018904 106.471252 0.053987 0.019239 0.998356 0.446210 0.000000 0.000000 0.000000 1.000000
0.998559 0.004972 -0.053442 0.364714 -0.005187 0.999979 -0.003885 101.628777 0.053422 0.004157 0.998563 0.785254 0.000000 0.000000 0.000000 1.000000
0.998591 0.003841 -0.052928 0.143221 -0.003355 0.999951 0.009279 97.013069 0.052961 -0.009089 0.998555 1.043194 0.000000 0.000000 0.000000 1.000000
0.998601 0.000173 -0.052884 -0.137636 0.000861 0.999809 0.019519 93.010979 0.052877 -0.019538 0.998410 1.202169 0.000000 0.000000 0.000000 1.000000
0.998605 -0.000685 -0.052792 -0.254528 0.002067 0.999656 0.026138 90.210953 0.052756 -0.026210 0.998263 1.290011 0.000000 0.000000 0.000000 1.000000
0.998614 -0.000408 -0.052628 -0.274882 0.001934 0.999579 0.028950 88.933273 0.052594 -0.029012 0.998194 1.333323 0.000000 0.000000 0.000000 1.000000</float_array><technique_common><accessor source="#mixamorig_Hips-Matrix-animation-output-transform-array" count="33" stride="16"><param type="float4x4"/></accessor></technique_common></source><source id="mixamorig_Hips-Interpolations"><Name_array id="mixamorig_Hips-Interpolations-array" count="33">
 LINEAR LINEAR LINEAR LINEAR LINEAR LINEAR LINEAR LINEAR LINEAR LINEAR LINEAR
LINEAR LINEAR LINEAR LINEAR LINEAR LINEAR LINEAR LINEAR LINEAR LINEAR LINEAR LINEAR
LINEAR LINEAR LINEAR LINEAR LINEAR LINEAR LINEAR LINEAR LINEAR LINEAR</Name_array><technique_common><accessor source="#mixamorig_Hips-Interpolations-array" count="33"><param type="name"/></accessor></technique_common></source><sampler id="mixamorig_Hips-Matrix-animation-transform"><input semantic="INPUT" source="#mixamorig_Hips-Matrix-animation-input"/><input semantic="OUTPUT" source="#mixamorig_Hips-Matrix-animation-output-transform"/><input semantic="INTERPOLATION" source="#mixamorig_Hips-Interpolations"/></sampler><channel source="#mixamorig_Hips-Matrix-animation-transform" target="mixamorig_Hips/matrix"/></animation>
    <animation id="mixamorig_Spine-anim" name="mixamorig_Spine"><source id="mixamorig_Spine-Matrix-animation-input"><float_array id="mixamorig_Spine-Matrix-animation-input-array" count="33">

0.000000 0.033333 0.066667 0.100000 0.133333 0.166667 0.200000 0.233333 0.266667 0.300000 0.333333 0.366667 0.400000 0.433333 0.466667 0.500000
0.533333 0.566667 0.600000 0.633333 0.666667 0.700000 0.733333 0.766667 0.800000 0.833333 0.866667 0.900000 0.933333 0.966667 1.000000 1.033333
1.066667</float_array><technique_common><accessor source="#mixamorig_Spine-Matrix-animation-input-array" count="33"><param name="TIME" type="float"/></accessor></technique_common></source><source id="mixamorig_Spine-Matrix-animation-output-transform"><float_array id="mixamorig_Spine-Matrix-animation-output-transform-array" count="528">

0.999907 -0.000174 0.013644 0.000000 0.000416 0.999843 -0.017710 10.181600 -0.013638 0.017714 0.999750 0.131500 0.000000 0.000000 0.000000 1.000000
0.999911 0.001349 0.013287 -0.000000 -0.001153 0.999890 -0.014759 10.181600 -0.013306 0.014743 0.999803 0.131500 0.000000 0.000000 0.000000 1.000000
0.999925 0.001074 0.012184 -0.000000 -0.000943 0.999942 -0.010769 10.181600 -0.012195 0.010757 0.999868 0.131500 0.000000 0.000000 0.000000 1.000000
0.999940 0.000535 0.010940 0.000000 -0.000451 0.999971 -0.007598 10.181600 -0.010944 0.007592 0.999911 0.131500 0.000000 0.000000 0.000000 1.000000
0.999943 0.001799 0.010479 0.000000 -0.001717 0.999968 -0.007776 10.181600 -0.010492 0.007757 0.999915 0.131500 0.000000 0.000000 0.000000 1.000000
0.999927 0.004404 0.011232 0.000000 -0.004277 0.999926 -0.011371 10.181600 -0.011281 0.011322 0.999872 0.131500 0.000000 0.000000 0.000000 1.000000
0.999897 0.007469 0.012216 -0.000000 -0.007282 0.999857 -0.015281 10.181600 -0.012328 0.015190 0.999809 0.131500 0.000000 0.000000 0.000000 1.000000
0.999877 0.009921 0.012108 0.000000 -0.009714 0.999808 -0.017027 10.181600 -0.012275 0.016907 0.999782 0.131500 0.000000 0.000000 0.000000 1.000000
0.999881 0.010677 0.011111 0.000000 -0.010483 0.999795 -0.017345 10.181600 -0.011294 0.017226 0.999788 0.131500 0.000000 0.000000 0.000000 1.000000
0.999895 0.010175 0.010358 0.000000 -0.009985 0.999785 -0.018161 10.181600 -0.010540 0.018056 0.999781 0.131500 0.000000 0.000000 0.000000 1.000000
0.999907 0.009033 0.010222 0.000000 -0.008829 0.999764 -0.019834 10.181600 -0.010399 0.019742 0.999751 0.131500 0.000000 0.000000 0.000000 1.000000
0.999919 0.007632 0.010200 0.000000 -0.007409 0.999737 -0.021701 10.181600 -0.010363 0.021624 0.999712 0.131500 0.000000 0.000000 0.000000 1.000000
0.999938 0.005163 0.009893 0.000000 -0.004926 0.999703 -0.023860 10.181600 -0.010013 0.023810 0.999666 0.131500 0.000000 0.000000 0.000000 1.000000
0.999952 0.003306 0.009219 0.000000 -0.003060 0.999640 -0.026649 10.181600 -0.009303 0.026620 0.999602 0.131500 0.000000 0.000000 0.000000 1.000000
0.999954 0.005141 0.008062 0.000000 -0.004904 0.999563 -0.029142 10.181600 -0.008208 0.029101 0.999543 0.131500 0.000000 0.000000 0.000000 1.000000
0.999947 0.008084 0.006337 -0.000000 -0.007892 0.999528 -0.029676 10.181600 -0.006574 0.029625 0.999539 0.131500 0.000000 0.000000 0.000000 1.000000
0.999942 0.009717 0.004680 -0.000000 -0.009586 0.999583 -0.027242 10.181600 -0.004943 0.027196 0.999618 0.131500 0.000000 0.000000 0.000000 1.000000
0.999960 0.008018 0.003996 -0.000000 -0.007929 0.999729 -0.021895 10.181600 -0.004171 0.021863 0.999752 0.131500 0.000000 0.000000 0.000000 1.000000
0.999987 0.002623 0.004297 0.000000 -0.002557 0.999878 -0.015405 10.181600 -0.004336 0.015394 0.999872 0.131500 0.000000 0.000000 0.000000 1.000000
0.999987 -0.000880 0.004955 0.000000 0.000935 0.999939 -0.011044 10.181600 -0.004945 0.011049 0.999927 0.131500 0.000000 0.000000 0.000000 1.000000
0.999987 -0.000723 0.005127 -0.000000 0.000780 0.999938 -0.011072 10.181600 -0.005119 0.011076 0.999926 0.131500 0.000000 0.000000 0.000000 1.000000
0.999990 -0.000369 0.004510 0.000000 0.000435 0.999895 -0.014494 10.181600 -0.004505 0.014496 0.999885 0.131500 0.000000 0.000000 0.000000 1.000000
0.999994 -0.000439 0.003291 0.000000 0.000497 0.999841 -0.017827 10.181600 -0.003282 0.017829 0.999836 0.131500 0.000000 0.000000 0.000000 1.000000
0.999998 0.000482 0.001880 -0.000000 -0.000447 0.999834 -0.018191 10.181600 -0.001888 0.018190 0.999833 0.131500 0.000000 0.000000 0.000000 1.000000
0.999997 0.002127 0.001006 0.000000 -0.002111 0.999875 -0.015640 10.181600 -0.001040 0.015638 0.999877 0.131500 0.000000 0.000000 0.000000 1.000000
0.999996 0.002729 0.001228 -0.000000 -0.002714 0.999919 -0.012429 10.181600 -0.001262 0.012425 0.999922 0.131500 0.000000 0.000000 0.000000 1.000000
0.999996 0.001947 0.002280 0.000000 -0.001923 0.999942 -0.010597 10.181600 -0.002300 0.010592 0.999941 0.131500 0.000000 0.000000 0.000000 1.000000
0.999994 0.001114 0.003340 -0.000000 -0.001078 0.999942 -0.010710 10.181600 -0.003352 0.010706 0.999937 0.131500 0.000000 0.000000 0.000000 1.000000
0.999991 0.000576 0.004139 0.000000 -0.000525 0.999925 -0.012266 10.181600 -0.004146 0.012264 0.999916 0.131500 0.000000 0.000000 0.000000 1.000000
0.999985 0.000744 0.005347 -0.000000 -0.000667 0.999896 -0.014433 10.181600 -0.005357 0.014429 0.999882 0.131500 0.000000 0.000000 0.000000 1.000000
0.999964 0.003081 0.007856 0.000000 -0.002952 0.999861 -0.016392 10.181600 -0.007906 0.016368 0.999835 0.131500 0.000000 0.000000 0.000000 1.000000
0.999938 0.002055 0.010962 -0.000000 -0.001863 0.999844 -0.017537 10.181600 -0.010996 0.017516 0.999786 0.131500 0.000000 0.000000 0.000000 1.000000
0.999907 -0.000174 0.013644 -0.000000 0.000416 0.999843 -0.017710 10.181600 -0.013638 0.017714 0.999750 0.131500 0.000000 0.000000 0.000000 1.000000</float_array><technique_common><accessor source="#mixamorig_Spine-Matrix-animation-output-transform-array" count="33" stride="16"><param type="float4x4"/></accessor></technique_common></source><source id="mixamorig_Spine-Interpolations"><Name_array id="mixamorig_Spine-Interpolations-array" count="33">
 LINEAR LINEAR LINEAR LINEAR LINEAR LINEAR LINEAR LINEAR LINEAR LINEAR LINEAR
LINEAR LINEAR LINEAR LINEAR LINEAR LINEAR LINEAR LINEAR LINEAR LINEAR LINEAR LINEAR
LINEAR LINEAR LINEAR LINEAR LINEAR LINEAR LINEAR LINEAR LINEAR LINEAR</Name_array><technique_common><accessor source="#mixamorig_Spine-Interpolations-array" count="33"><param type="name"/></accessor></technique_common></source><sampler id="mixamorig_Spine-Matrix-animation-transform"><input semantic="INPUT" source="#mixamorig_Spine-Matrix-animation-input"/><input semantic="OUTPUT" source="#mixamorig_Spine-Matrix-animation-output-transform"/><input semantic="INTERPOLATION" source="#mixamorig_Spine-Interpolations"/></sampler><channel source="#mixamorig_Spine-Matrix-animation-transform" target="mixamorig_Spine/matrix"/></animation>
    <animation id="mixamorig_Spine1-anim" name="mixamorig_Spine1"><source id="mixamorig_Spine1-Matrix-animation-input"><float_array id="mixamorig_Spine1-Matrix-animation-input-array" count="33">

0.000000 0.033333 0.066667 0.100000 0.133333 0.166667 0.200000 0.233333 0.266667 0.300000 0.333333 0.366667 0.400000 0.433333 0.466667 0.500000
0.533333 0.566667 0.600000 0.633333 0.666667 0.700000 0.733333 0.766667 0.800000 0.833333 0.866667 0.900000 0.933333 0.966667 1.000000 1.033333
1.066667</float_array><technique_common><accessor source="#mixamorig_Spine1-Matrix-animation-input-array" count="33"><param name="TIME" type="float"/></accessor></technique_common></source><source id="mixamorig_Spine1-Matrix-animation-output-transform"><float_array id="mixamorig_Spine1-Matrix-animation-output-transform-array" count="528">

0.999762 -0.011666 0.018420 0.000000 0.012639 0.998482 -0.053603 10.083500 -0.017767 0.053823 0.998392 -1.000800 0.000000 0.000000 0.000000 1.000000
0.999795 -0.009340 0.017967 0.000000 0.010217 0.998729 -0.049361 10.083500 -0.017483 0.049534 0.998619 -1.000800 0.000000 0.000000 0.000000 1.000000
0.999830 -0.007737 0.016740 0.000000 0.008457 0.999021 -0.043412 10.083500 -0.016387 0.043546 0.998917 -1.000800 0.000000 0.000000 0.000000 1.000000
0.999862 -0.006583 0.015230 0.000000 0.007140 0.999297 -0.036810 10.083500 -0.014977 0.036914 0.999206 -1.000800 0.000000 0.000000 0.000000 1.000000
0.999878 -0.005158 0.014757 -0.000000 0.005632 0.999463 -0.032273 10.083500 -0.014582 0.032353 0.999370 -1.000800 0.000000 0.000000 0.000000 1.000000
0.999868 -0.003052 0.015952 0.000000 0.003552 0.999500 -0.031406 10.083500 -0.015848 0.031459 0.999379 -1.000800 0.000000 0.000000 0.000000 1.000000
0.999849 -0.000533 0.017389 0.000000 0.001097 0.999473 -0.032439 10.083500 -0.017363 0.032453 0.999322 -1.000800 0.000000 0.000000 0.000000 1.000000
0.999849 0.001973 0.017287 -0.000000 -0.001407 0.999463 -0.032734 10.083500 -0.017342 0.032704 0.999315 -1.000800 0.000000 0.000000 0.000000 1.000000
0.999865 0.003999 0.015952 0.000000 -0.003486 0.999482 -0.032007 10.083500 -0.016072 0.031947 0.999360 -1.000800 0.000000 0.000000 0.000000 1.000000
0.999875 0.005031 0.014980 0.000000 -0.004556 0.999490 -0.031607 10.083500 -0.015131 0.031535 0.999388 -1.000800 0.000000 0.000000 0.000000 1.000000
0.999877 0.005064 0.014818 0.000000 -0.004588 0.999477 -0.032000 10.083500 -0.014973 0.031928 0.999378 -1.000800 0.000000 0.000000 0.000000 1.000000
0.999882 0.004418 0.014719 0.000000 -0.003937 0.999462 -0.032571 10.083500 -0.014855 0.032509 0.999361 -1.000800 0.000000 0.000000 0.000000 1.000000
0.999895 0.002900 0.014225 0.000000 -0.002423 0.999436 -0.033483 10.083500 -0.014314 0.033445 0.999338 -1.000800 0.000000 0.000000 0.000000 1.000000
0.999911 0.000819 0.013312 -0.000000 -0.000333 0.999334 -0.036480 10.083500 -0.013333 0.036473 0.999246 -1.000800 0.000000 0.000000 0.000000 1.000000
0.999930 0.000267 0.011798 0.000000 0.000239 0.999080 -0.042880 10.083500 -0.011799 0.042880 0.999011 -1.000800 0.000000 0.000000 0.000000 1.000000
0.999951 0.002270 0.009642 -0.000000 -0.001783 0.998739 -0.050177 10.083500 -0.009744 0.050157 0.998694 -1.000800 0.000000 0.000000 0.000000 1.000000
0.999965 0.003815 0.007512 0.000000 -0.003418 0.998635 -0.052114 10.083500 -0.007701 0.052086 0.998613 -1.000800 0.000000 0.000000 0.000000 1.000000
0.999977 0.001993 0.006441 0.000000 -0.001702 0.998992 -0.044865 10.083500 -0.006524 0.044853 0.998972 -1.000800 0.000000 0.000000 0.000000 1.000000
0.999977 -0.001205 0.006683 0.000000 0.001420 0.999478 -0.032291 10.083500 -0.006640 0.032299 0.999456 -1.000800 0.000000 0.000000 0.000000 1.000000
0.999970 -0.002499 0.007346 0.000000 0.002664 0.999744 -0.022459 10.083500 -0.007288 0.022478 0.999721 -1.000800 0.000000 0.000000 0.000000 1.000000
0.999970 -0.002236 0.007448 0.000000 0.002388 0.999790 -0.020338 10.083500 -0.007401 0.020355 0.999765 -1.000800 0.000000 0.000000 0.000000 1.000000
0.999975 -0.002482 0.006669 0.000000 0.002647 0.999684 -0.024979 10.083500 -0.006605 0.024996 0.999666 -1.000800 0.000000 0.000000 0.000000 1.000000
0.999981 -0.003493 0.005146 0.000000 0.003653 0.999501 -0.031390 10.083500 -0.005034 0.031408 0.999494 -1.000800 0.000000 0.000000 0.000000 1.000000
0.999985 -0.004253 0.003415 0.000000 0.004368 0.999391 -0.034628 10.083500 -0.003266 0.034643 0.999394 -1.000800 0.000000 0.000000 0.000000 1.000000
0.999987 -0.004494 0.002413 0.000000 0.004572 0.999426 -0.033553 10.083500 -0.002260 0.033564 0.999434 -1.000800 0.000000 0.000000 0.000000 1.000000
0.999985 -0.004773 0.002790 0.000000 0.004857 0.999513 -0.030821 10.083500 -0.002641 0.030834 0.999521 -1.000800 0.000000 0.000000 0.000000 1.000000
0.999977 -0.005288 0.004167 0.000000 0.005409 0.999547 -0.029623 10.083500 -0.004008 0.029645 0.999552 -1.000800 0.000000 0.000000 0.000000 1.000000
0.999970 -0.005542 0.005493 -0.000000 0.005711 0.999497 -0.031184 10.083500 -0.005317 0.031215 0.999499 -1.000800 0.000000 0.000000 0.000000 1.000000
0.999965 -0.005300 0.006411 -0.000000 0.005521 0.999372 -0.034989 10.083500 -0.006222 0.035023 0.999367 -1.000800 0.000000 0.000000 0.000000 1.000000
0.999955 -0.005300 0.007831 -0.000000 0.005610 0.999179 -0.040113 10.083500 -0.007612 0.040155 0.999164 -1.000800 0.000000 0.000000 0.000000 1.000000
0.999922 -0.006507 0.010702 0.000000 0.006989 0.998935 -0.045614 10.083500 -0.010394 0.045685 0.998902 -1.000800 0.000000 0.000000 0.000000 1.000000
0.999852 -0.008933 0.014682 -0.000000 0.009663 0.998681 -0.050434 10.083500 -0.014213 0.050569 0.998619 -1.000800 0.000000 0.000000 0.000000 1.000000
0.999762 -0.011666 0.018420 0.000000 0.012639 0.998482 -0.053603 10.083500 -0.017767 0.053823 0.998392 -1.000800 0.000000 0.000000 0.000000 1.000000</float_array><technique_common><accessor source="#mixamorig_Spine1-Matrix-animation-output-transform-array" count="33" stride="16"><param type="float4x4"/></accessor></technique_common></source><source id="mixamorig_Spine1-Interpolations"><Name_array id="mixamorig_Spine1-Interpolations-array" count="33">
 LINEAR LINEAR LINEAR LINEAR LINEAR LINEAR LINEAR LINEAR LINEAR LINEAR LINEAR
LINEAR LINEAR LINEAR LINEAR LINEAR LINEAR LINEAR LINEAR LINEAR LINEAR LINEAR LINEAR
LINEAR LINEAR LINEAR LINEAR LINEAR LINEAR LINEAR LINEAR LINEAR LINEAR</Name_array><technique_common><accessor source="#mixamorig_Spine1-Interpolations-array" count="33"><param type="name"/></accessor></technique_common></source><sampler id="mixamorig_Spine1-Matrix-animation-transform"><input semantic="INPUT" source="#mixamorig_Spine1-Matrix-animation-input"/><input semantic="OUTPUT" source="#mixamorig_Spine1-Matrix-animation-output-transform"/><input semantic="INTERPOLATION" source="#mixamorig_Spine1-Interpolations"/></sampler><channel source="#mixamorig_Spine1-Matrix-animation-transform" target="mixamorig_Spine1/matrix"/></animation>
    <animation id="mixamorig_Spine2-anim" name="mixamorig_Spine2"><source id="mixamorig_Spine2-Matrix-animation-input"><float_array id="mixamorig_Spine2-Matrix-animation-input-array" count="33">

0.000000 0.033333 0.066667 0.100000 0.133333 0.166667 0.200000 0.233333 0.266667 0.300000 0.333333 0.366667 0.400000 0.433333 0.466667 0.500000
0.533333 0.566667 0.600000 0.633333 0.666667 0.700000 0.733333 0.766667 0.800000 0.833333 0.866667 0.900000 0.933333 0.966667 1.000000 1.033333
1.066667</float_array><technique_common><accessor source="#mixamorig_Spine2-Matrix-animation-input-array" count="33"><param name="TIME" type="float"/></accessor></technique_common></source><source id="mixamorig_Spine2-Matrix-animation-output-transform"><float_array id="mixamorig_Spine2-Matrix-animation-output-transform-array" count="528">

0.999760 -0.012194 0.018221 0.000000 0.013154 0.998479 -0.053540 9.100000 -0.017541 0.053767 0.998399 -1.373400 0.000000 0.000000 0.000000 1.000000
0.999797 -0.010223 0.017382 0.000000 0.011053 0.998770 -0.048343 9.100000 -0.016867 0.048526 0.998680 -1.373400 0.000000 0.000000 0.000000 1.000000
0.999832 -0.008482 0.016228 -0.000000 0.009166 0.999054 -0.042514 9.100000 -0.015852 0.042656 0.998964 -1.373400 0.000000 0.000000 0.000000 1.000000
0.999860 -0.006977 0.015189 0.000000 0.007531 0.999297 -0.036714 9.100000 -0.014922 0.036823 0.999210 -1.373400 0.000000 0.000000 0.000000 1.000000
0.999871 -0.005370 0.015107 -0.000000 0.005861 0.999450 -0.032639 9.100000 -0.014923 0.032723 0.999353 -1.373400 0.000000 0.000000 0.000000 1.000000
0.999863 -0.003269 0.016213 -0.000000 0.003777 0.999500 -0.031394 9.100000 -0.016102 0.031450 0.999376 -1.373400 0.000000 0.000000 0.000000 1.000000
0.999848 -0.000708 0.017439 -0.000000 0.001266 0.999488 -0.031956 9.100000 -0.017408 0.031973 0.999337 -1.373400 0.000000 0.000000 0.000000 1.000000
0.999845 0.001840 0.017536 -0.000000 -0.001271 0.999474 -0.032392 9.100000 -0.017586 0.032365 0.999321 -1.373400 0.000000 0.000000 0.000000 1.000000
0.999856 0.003840 0.016544 0.000000 -0.003308 0.999480 -0.032068 9.100000 -0.016659 0.032009 0.999349 -1.373400 0.000000 0.000000 0.000000 1.000000
0.999867 0.005000 0.015522 0.000000 -0.004506 0.999487 -0.031715 9.100000 -0.015672 0.031641 0.999376 -1.373400 0.000000 0.000000 0.000000 1.000000
0.999872 0.005220 0.015100 0.000000 -0.004738 0.999483 -0.031806 9.100000 -0.015258 0.031731 0.999380 -1.373400 0.000000 0.000000 0.000000 1.000000
0.999878 0.004369 0.014973 0.000000 -0.003886 0.999476 -0.032134 9.100000 -0.015105 0.032072 0.999371 -1.373400 0.000000 0.000000 0.000000 1.000000
0.999890 0.002568 0.014581 0.000000 -0.002083 0.999447 -0.033185 9.100000 -0.014659 0.033151 0.999343 -1.373400 0.000000 0.000000 0.000000 1.000000
0.999906 0.000880 0.013656 -0.000000 -0.000378 0.999328 -0.036661 9.100000 -0.013679 0.036653 0.999234 -1.373400 0.000000 0.000000 0.000000 1.000000
0.999926 0.000808 0.012140 0.000000 -0.000282 0.999063 -0.043273 9.100000 -0.012164 0.043266 0.998990 -1.373400 0.000000 0.000000 0.000000 1.000000
0.999946 0.002298 0.010164 0.000000 -0.001786 0.998745 -0.050051 9.100000 -0.010266 0.050030 0.998695 -1.373400 0.000000 0.000000 0.000000 1.000000
0.999961 0.003196 0.008231 -0.000000 -0.002768 0.998671 -0.051466 9.100000 -0.008385 0.051441 0.998641 -1.373400 0.000000 0.000000 0.000000 1.000000
0.999973 0.001840 0.007054 -0.000000 -0.001524 0.999006 -0.044539 9.100000 -0.007129 0.044527 0.998983 -1.373400 0.000000 0.000000 0.000000 1.000000
0.999976 -0.000728 0.006928 -0.000000 0.000953 0.999470 -0.032548 9.100000 -0.006901 0.032553 0.999446 -1.373400 0.000000 0.000000 0.000000 1.000000
0.999970 -0.002356 0.007380 0.000000 0.002523 0.999738 -0.022758 9.100000 -0.007324 0.022776 0.999714 -1.373400 0.000000 0.000000 0.000000 1.000000
0.999968 -0.002611 0.007544 -0.000000 0.002764 0.999788 -0.020390 9.100000 -0.007489 0.020411 0.999764 -1.373400 0.000000 0.000000 0.000000 1.000000
0.999973 -0.002688 0.006826 0.000000 0.002857 0.999687 -0.024842 9.100000 -0.006757 0.024860 0.999668 -1.373400 0.000000 0.000000 0.000000 1.000000
0.999981 -0.003311 0.005276 -0.000000 0.003474 0.999509 -0.031137 9.100000 -0.005170 0.031154 0.999501 -1.373400 0.000000 0.000000 0.000000 1.000000
0.999985 -0.004081 0.003579 0.000000 0.004202 0.999397 -0.034471 9.100000 -0.003436 0.034486 0.999399 -1.373400 0.000000 0.000000 0.000000 1.000000
0.999986 -0.004575 0.002665 -0.000000 0.004662 0.999423 -0.033654 9.100000 -0.002510 0.033666 0.999430 -1.373400 0.000000 0.000000 0.000000 1.000000
0.999983 -0.004941 0.003001 0.000000 0.005032 0.999507 -0.030994 9.100000 -0.002847 0.031009 0.999515 -1.373400 0.000000 0.000000 0.000000 1.000000
0.999977 -0.005316 0.004172 0.000000 0.005438 0.999547 -0.029610 9.100000 -0.004012 0.029632 0.999553 -1.373400 0.000000 0.000000 0.000000 1.000000
0.999971 -0.005463 0.005377 -0.000000 0.005628 0.999501 -0.031067 9.100000 -0.005204 0.031096 0.999503 -1.373400 0.000000 0.000000 0.000000 1.000000
0.999965 -0.005349 0.006429 0.000000 0.005571 0.999371 -0.035012 9.100000 -0.006238 0.035046 0.999366 -1.373400 0.000000 0.000000 0.000000 1.000000
0.999952 -0.005607 0.007984 -0.000000 0.005923 0.999178 -0.040113 9.100000 -0.007753 0.040158 0.999163 -1.373400 0.000000 0.000000 0.000000 1.000000
0.999919 -0.006958 0.010663 0.000000 0.007432 0.998954 -0.045116 9.100000 -0.010338 0.045191 0.998925 -1.373400 0.000000 0.000000 0.000000 1.000000
0.999854 -0.009370 0.014296 0.000000 0.010068 0.998722 -0.049519 9.100000 -0.013814 0.049656 0.998671 -1.373400 0.000000 0.000000 0.000000 1.000000
0.999760 -0.012194 0.018221 0.000000 0.013154 0.998479 -0.053540 9.100000 -0.017541 0.053767 0.998399 -1.373400 0.000000 0.000000 0.000000 1.000000</float_array><technique_common><accessor source="#mixamorig_Spine2-Matrix-animation-output-transform-array" count="33" stride="16"><param type="float4x4"/></accessor></technique_common></source><source id="mixamorig_Spine2-Interpolations"><Name_array id="mixamorig_Spine2-Interpolations-array" count="33">
 LINEAR LINEAR LINEAR LINEAR LINEAR LINEAR LINEAR LINEAR LINEAR LINEAR LINEAR
LINEAR LINEAR LINEAR LINEAR LINEAR LINEAR LINEAR LINEAR LINEAR LINEAR LINEAR LINEAR
LINEAR LINEAR LINEAR LINEAR LINEAR LINEAR LINEAR LINEAR LINEAR LINEAR</Name_array><technique_common><accessor source="#mixamorig_Spine2-Interpolations-array" count="33"><param type="name"/></accessor></technique_common></source><sampler id="mixamorig_Spine2-Matrix-animation-transform"><input semantic="INPUT" source="#mixamorig_Spine2-Matrix-animation-input"/><input semantic="OUTPUT" source="#mixamorig_Spine2-Matrix-animation-output-transform"/><input semantic="INTERPOLATION" source="#mixamorig_Spine2-Interpolations"/></sampler><channel source="#mixamorig_Spine2-Matrix-animation-transform" target="mixamorig_Spine2/matrix"/></animation>
    <animation id="mixamorig_Neck-anim" name="mixamorig_Neck"><source id="mixamorig_Neck-Matrix-animation-input"><float_array id="mixamorig_Neck-Matrix-animation-input-array" count="33">

0.000000 0.033333 0.066667 0.100000 0.133333 0.166667 0.200000 0.233333 0.266667 0.300000 0.333333 0.366667 0.400000 0.433333 0.466667 0.500000
0.533333 0.566667 0.600000 0.633333 0.666667 0.700000 0.733333 0.766667 0.800000 0.833333 0.866667 0.900000 0.933333 0.966667 1.000000 1.033333
1.066667</float_array><technique_common><accessor source="#mixamorig_Neck-Matrix-animation-input-array" count="33"><param name="TIME" type="float"/></accessor></technique_common></source><source id="mixamorig_Neck-Matrix-animation-output-transform"><float_array id="mixamorig_Neck-Matrix-animation-output-transform-array" count="528">

0.998656 -0.051327 -0.007195 0.000000 0.051052 0.998107 -0.034301 16.671700 0.008942 0.033888 0.999386 -2.516200 0.000000 0.000000 0.000000 1.000000
0.998857 -0.046726 -0.010051 -0.000000 0.046624 0.998860 -0.010226 16.671700 0.010518 0.009746 0.999897 -2.516200 0.000000 0.000000 0.000000 1.000000
0.998906 -0.044922 -0.012964 0.000000 0.045170 0.998789 0.019510 16.671700 0.012072 -0.020075 0.999726 -2.516200 0.000000 0.000000 0.000000 1.000000
0.998608 -0.050180 -0.016240 0.000000 0.051086 0.996813 0.061273 16.671700 0.013114 -0.062017 0.997989 -2.516200 0.000000 0.000000 0.000000 1.000000
0.997906 -0.061594 -0.019766 0.000000 0.063389 0.992025 0.108943 16.671700 0.012898 -0.109968 0.993851 -2.516200 0.000000 0.000000 0.000000 1.000000
0.997147 -0.072000 -0.022652 -0.000000 0.074509 0.986914 0.143002 16.671700 0.012059 -0.144282 0.989463 -2.516200 0.000000 0.000000 0.000000 1.000000
0.996872 -0.075302 -0.023980 0.000000 0.078037 0.985858 0.148302 16.671700 0.012473 -0.149709 0.988651 -2.516200 0.000000 0.000000 0.000000 1.000000
0.997064 -0.072745 -0.023896 -0.000000 0.075243 0.988693 0.129708 16.671700 0.014190 -0.131126 0.991264 -2.516200 0.000000 0.000000 0.000000 1.000000
0.997273 -0.069991 -0.023412 0.000000 0.072105 0.991661 0.106816 16.671700 0.015741 -0.108213 0.994003 -2.516200 0.000000 0.000000 0.000000 1.000000
0.997275 -0.070040 -0.023172 0.000000 0.071946 0.992829 0.095468 16.671700 0.016319 -0.096875 0.995163 -2.516200 0.000000 0.000000 0.000000 1.000000
0.997208 -0.071030 -0.023029 -0.000000 0.072969 0.992443 0.098650 16.671700 0.015847 -0.100055 0.994856 -2.516200 0.000000 0.000000 0.000000 1.000000
0.997281 -0.070062 -0.022851 0.000000 0.072213 0.990923 0.113387 16.671700 0.014699 -0.114729 0.993288 -2.516200 0.000000 0.000000 0.000000 1.000000
0.997436 -0.067750 -0.023047 0.000000 0.070277 0.988096 0.136848 16.671700 0.013501 -0.138116 0.990324 -2.516200 0.000000 0.000000 0.000000 1.000000
0.997362 -0.068540 -0.023890 -0.000000 0.071505 0.984330 0.161185 16.671700 0.012468 -0.162469 0.986635 -2.516200 0.000000 0.000000 0.000000 1.000000
0.996825 -0.075699 -0.024710 0.000000 0.078822 0.982089 0.171139 16.671700 0.011313 -0.172544 0.984937 -2.516200 0.000000 0.000000 0.000000 1.000000
0.996023 -0.085712 -0.024336 -0.000000 0.088488 0.983513 0.157707 16.671700 0.010418 -0.159233 0.987186 -2.516200 0.000000 0.000000 0.000000 1.000000
0.995688 -0.090002 -0.022464 -0.000000 0.092201 0.986820 0.132985 16.671700 0.010199 -0.134483 0.990863 -2.516200 0.000000 0.000000 0.000000 1.000000
0.996240 -0.084228 -0.020279 -0.000000 0.086088 0.988700 0.122722 16.671700 0.009714 -0.124007 0.992234 -2.516200 0.000000 0.000000 0.000000 1.000000
0.997083 -0.073818 -0.019393 -0.000000 0.075821 0.987108 0.140956 16.671700 0.008738 -0.142015 0.989826 -2.516200 0.000000 0.000000 0.000000 1.000000
0.997494 -0.067816 -0.020145 0.000000 0.070308 0.981883 0.175963 16.671700 0.007846 -0.176939 0.984191 -2.516200 0.000000 0.000000 0.000000 1.000000
0.997370 -0.069271 -0.021304 0.000000 0.072155 0.976636 0.202425 16.671700 0.006784 -0.203430 0.979066 -2.516200 0.000000 0.000000 0.000000 1.000000
0.996995 -0.074416 -0.021525 -0.000000 0.077245 0.976002 0.203599 16.671700 0.005857 -0.204650 0.978818 -2.516200 0.000000 0.000000 0.000000 1.000000
0.996667 -0.078918 -0.020656 0.000000 0.081358 0.980111 0.181005 16.671700 0.005960 -0.182082 0.983265 -2.516200 0.000000 0.000000 0.000000 1.000000
0.996490 -0.081422 -0.019445 -0.000000 0.083408 0.985483 0.147871 16.671700 0.007123 -0.148973 0.988816 -2.516200 0.000000 0.000000 0.000000 1.000000
0.996428 -0.082401 -0.018457 -0.000000 0.084000 0.989594 0.116824 16.671700 0.008638 -0.117958 0.992981 -2.516200 0.000000 0.000000 0.000000 1.000000
0.996397 -0.082934 -0.017745 -0.000000 0.084230 0.992114 0.092821 16.671700 0.009907 -0.093982 0.995525 -2.516200 0.000000 0.000000 0.000000 1.000000
0.996275 -0.084472 -0.017335 0.000000 0.085537 0.993544 0.074523 16.671700 0.010928 -0.075729 0.997069 -2.516200 0.000000 0.000000 0.000000 1.000000
0.996023 -0.087393 -0.017346 0.000000 0.088272 0.994355 0.058873 16.671700 0.012103 -0.060170 0.998115 -2.516200 0.000000 0.000000 0.000000 1.000000
0.995849 -0.089326 -0.017462 0.000000 0.090010 0.994995 0.043395 16.671700 0.013498 -0.044787 0.998905 -2.516200 0.000000 0.000000 0.000000 1.000000
0.996106 -0.086552 -0.016767 0.000000 0.086975 0.995861 0.026379 16.671700 0.014415 -0.027735 0.999511 -2.516200 0.000000 0.000000 0.000000 1.000000
0.996871 -0.077691 -0.014555 0.000000 0.077802 0.996943 0.007226 16.671700 0.013949 -0.008335 0.999868 -2.516200 0.000000 0.000000 0.000000 1.000000
0.997831 -0.064884 -0.011080 -0.000000 0.064734 0.997813 -0.013376 16.671700 0.011923 0.012630 0.999849 -2.516200 0.000000 0.000000 0.000000 1.000000
0.998656 -0.051327 -0.007195 0.000000 0.051052 0.998107 -0.034301 16.671700 0.008942 0.033888 0.999386 -2.516200 0.000000 0.000000 0.000000 1.000000</float_array><technique_common><accessor source="#mixamorig_Neck-Matrix-animation-output-transform-array" count="33" stride="16"><param type="float4x4"/></accessor></technique_common></source><source id="mixamorig_Neck-Interpolations"><Name_array id="mixamorig_Neck-Interpolations-array" count="33">
 LINEAR LINEAR LINEAR LINEAR LINEAR LINEAR LINEAR LINEAR LINEAR LINEAR LINEAR
LINEAR LINEAR LINEAR LINEAR LINEAR LINEAR LINEAR LINEAR LINEAR LINEAR LINEAR LINEAR
LINEAR LINEAR LINEAR LINEAR LINEAR LINEAR LINEAR LINEAR LINEAR LINEAR</Name_array><technique_common><accessor source="#mixamorig_Neck-Interpolations-array" count="33"><param type="name"/></accessor></technique_common></source><sampler id="mixamorig_Neck-Matrix-animation-transform"><input semantic="INPUT" source="#mixamorig_Neck-Matrix-animation-input"/><input semantic="OUTPUT" source="#mixamorig_Neck-Matrix-animation-output-transform"/><input semantic="INTERPOLATION" source="#mixamorig_Neck-Interpolations"/></sampler><channel source="#mixamorig_Neck-Matrix-animation-transform" target="mixamorig_Neck/matrix"/></animation>
    <animation id="mixamorig_Head-anim" name="mixamorig_Head"><source id="mixamorig_Head-Matrix-animation-input"><float_array id="mixamorig_Head-Matrix-animation-input-array" count="33">

0.000000 0.033333 0.066667 0.100000 0.133333 0.166667 0.200000 0.233333 0.266667 0.300000 0.333333 0.366667 0.400000 0.433333 0.466667 0.500000
0.533333 0.566667 0.600000 0.633333 0.666667 0.700000 0.733333 0.766667 0.800000 0.833333 0.866667 0.900000 0.933333 0.966667 1.000000 1.033333
1.066667</float_array><technique_common><accessor source="#mixamorig_Head-Matrix-animation-input-array" count="33"><param name="TIME" type="float"/></accessor></technique_common></source><source id="mixamorig_Head-Matrix-animation-output-transform"><float_array id="mixamorig_Head-Matrix-animation-output-transform-array" count="528">

0.992979 0.102911 0.058327 0.000000 -0.110325 0.983584 0.142795 9.617900 -0.042674 -0.148228 0.988032 1.685000 0.000000 0.000000 0.000000 1.000000
0.993538 0.106524 0.039183 0.000000 -0.110542 0.986463 0.121123 9.617900 -0.025750 -0.124672 0.991864 1.685000 0.000000 0.000000 0.000000 1.000000
0.993333 0.112831 0.023636 0.000000 -0.114636 0.988444 0.099180 9.617900 -0.012172 -0.101229 0.994789 1.685000 0.000000 0.000000 0.000000 1.000000
0.992434 0.121563 0.017225 0.000000 -0.122563 0.989181 0.080613 9.617900 -0.007239 -0.082115 0.996597 1.685000 0.000000 0.000000 0.000000 1.000000
0.991655 0.127386 0.019806 -0.000000 -0.128485 0.989160 0.071088 9.617900 -0.010536 -0.073040 0.997273 1.685000 0.000000 0.000000 0.000000 1.000000
0.992029 0.123845 0.023264 -0.000000 -0.125256 0.989312 0.074651 9.617900 -0.013770 -0.076970 0.996938 1.685000 0.000000 0.000000 0.000000 1.000000
0.993673 0.110499 0.020120 -0.000000 -0.111862 0.989737 0.088921 9.617900 -0.010088 -0.090609 0.995835 1.685000 0.000000 0.000000 0.000000 1.000000
0.995567 0.093278 0.012038 -0.000000 -0.094028 0.990003 0.105137 9.617900 -0.002111 -0.105802 0.994385 1.685000 0.000000 0.000000 0.000000 1.000000
0.996900 0.078488 0.005532 0.000000 -0.078605 0.990314 0.114450 9.617900 0.003505 -0.114530 0.993414 1.685000 0.000000 0.000000 0.000000 1.000000
0.997608 0.069015 0.003956 0.000000 -0.069016 0.991079 0.114018 9.617900 0.003949 -0.114018 0.993471 1.685000 0.000000 0.000000 0.000000 1.000000
0.997850 0.065283 0.005829 0.000000 -0.065531 0.992086 0.107104 9.617900 0.001209 -0.107255 0.994231 1.685000 0.000000 0.000000 0.000000 1.000000
0.997754 0.066601 0.007090 0.000000 -0.066976 0.992770 0.099612 9.617900 -0.000405 -0.099863 0.995001 1.685000 0.000000 0.000000 0.000000 1.000000
0.997492 0.070558 0.005673 0.000000 -0.070772 0.992486 0.099810 9.617900 0.001412 -0.099961 0.994990 1.685000 0.000000 0.000000 0.000000 1.000000
0.997306 0.073150 0.005415 -0.000000 -0.073275 0.990207 0.118830 9.617900 0.003331 -0.118907 0.992900 1.685000 0.000000 0.000000 0.000000 1.000000
0.997325 0.072048 0.012337 0.000000 -0.073094 0.984194 0.161303 9.617900 -0.000520 -0.161773 0.986828 1.685000 0.000000 0.000000 0.000000 1.000000
0.997243 0.069708 0.025434 -0.000000 -0.073511 0.974789 0.210673 9.617900 -0.010108 -0.211962 0.977226 1.685000 0.000000 0.000000 0.000000 1.000000
0.996795 0.071072 0.036716 -0.000000 -0.077715 0.969170 0.233815 9.617900 -0.018967 -0.235919 0.971588 1.685000 0.000000 0.000000 0.000000 1.000000
0.996152 0.078235 0.039492 0.000000 -0.084845 0.973792 0.211022 9.617900 -0.021947 -0.213560 0.976683 1.685000 0.000000 0.000000 0.000000 1.000000
0.995479 0.088946 0.033314 0.000000 -0.093130 0.982971 0.158411 9.617900 -0.018657 -0.160798 0.986811 1.685000 0.000000 0.000000 0.000000 1.000000
0.994838 0.098126 0.025865 0.000000 -0.100458 0.988356 0.114283 9.617900 -0.014350 -0.116291 0.993111 1.685000 0.000000 0.000000 0.000000 1.000000
0.994396 0.102521 0.025808 -0.000000 -0.104646 0.989219 0.102447 9.617900 -0.015027 -0.104574 0.994404 1.685000 0.000000 0.000000 0.000000 1.000000
0.994102 0.103286 0.033072 0.000000 -0.106447 0.987612 0.115285 9.617900 -0.020755 -0.118126 0.992782 1.685000 0.000000 0.000000 0.000000 1.000000
0.993795 0.102980 0.042034 0.000000 -0.107645 0.985606 0.130358 9.617900 -0.028005 -0.134074 0.990576 1.685000 0.000000 0.000000 0.000000 1.000000
0.993501 0.102904 0.048639 0.000000 -0.108567 0.985087 0.133477 9.617900 -0.034179 -0.137890 0.989858 1.685000 0.000000 0.000000 0.000000 1.000000
0.993266 0.103395 0.052265 0.000000 -0.109235 0.986107 0.125144 9.617900 -0.038599 -0.130011 0.990761 1.685000 0.000000 0.000000 0.000000 1.000000
0.992978 0.104908 0.054667 -0.000000 -0.110554 0.987394 0.113272 9.617900 -0.042094 -0.118520 0.992059 1.685000 0.000000 0.000000 0.000000 1.000000
0.992476 0.108002 0.057673 0.000000 -0.113609 0.987969 0.104931 9.617900 -0.045647 -0.110693 0.992806 1.685000 0.000000 0.000000 0.000000 1.000000
0.991780 0.112524 0.060922 0.000000 -0.118374 0.987621 0.102917 9.617900 -0.048588 -0.109282 0.992823 1.685000 0.000000 0.000000 0.000000 1.000000
0.991185 0.116918 0.062313 -0.000000 -0.123078 0.986671 0.106455 9.617900 -0.049036 -0.113186 0.992363 1.685000 0.000000 0.000000 0.000000 1.000000
0.991056 0.118680 0.061015 0.000000 -0.125023 0.985631 0.113579 9.617900 -0.046659 -0.120191 0.991654 1.685000 0.000000 0.000000 0.000000 1.000000
