<?xml version="1.0" encoding="utf-8"?>
<COLLADA xmlns="http://www.collada.org/2005/11/COLLADASchema" version="1.4.1">
  <asset><contributor><author>Mixamo</author><authoring_tool>COLLADA Mixamo exporter</authoring_tool><comments></comments></contributor><created>2021-04-18T12:46:35Z</created><modified>2021-04-18T12:46:35Z</modified><revision></revision><title></title><unit meter="0.010000"/><up_axis>Y_UP</up_axis></asset>
  <library_animations>
    <animation id="mixamorig_Hips-anim" name="mixamorig_Hips"><source id="mixamorig_Hips-Matrix-animation-input"><float_array id="mixamorig_Hips-Matrix-animation-input-array" count="79">

0.000000 0.033333 0.066667 0.100000 0.133333 0.166667 0.200000 0.233333 0.266667 0.300000 0.333333 0.366667 0.400000 0.433333 0.466667 0.500000
0.533333 0.566667 0.600000 0.633333 0.666667 0.700000 0.733333 0.766667 0.800000 0.833333 0.866667 0.900000 0.933333 0.966667 1.000000 1.033333
1.066667 1.100000 1.133333 1.166667 1.200000 1.233333 1.266667 1.300000 1.333333 1.366667 1.400000 1.433333 1.466667 1.500000 1.533333 1.566667
1.600000 1.633333 1.666667 1.700000 1.733333 1.766667 1.800000 1.833333 1.866667 1.900000 1.933333 1.966667 2.000000 2.033333 2.066667 2.100000
2.133333 2.166667 2.200000 2.233333 2.266667 2.300000 2.333333 2.366667 2.400000 2.433333 2.466667 2.500000 2.533333 2.566667 2.600000</float_array><technique_common><accessor source="#mixamorig_Hips-Matrix-animation-input-array" count="79"><param name="TIME" type="float"/></accessor></technique_common></source><source id="mixamorig_Hips-Matrix-animation-output-transform"><float_array id="mixamorig_Hips-Matrix-animation-output-transform-array" count="1264">

0.993718 0.065202 -0.090958 0.142454 -0.059392 0.996104 0.065185 103.393753 0.094854 -0.059374 0.993719 1.422171 0.000000 0.000000 0.000000 1.000000
0.994291 0.053566 -0.092278 0.382929 -0.047939 0.996915 0.062148 101.717224 0.095322 -0.057370 0.993792 0.910356 0.000000 0.000000 0.000000 1.000000
0.994433 0.038337 -0.098147 0.664412 -0.033189 0.998013 0.053555 99.960739 0.100005 -0.049999 0.993730 -0.082073 0.000000 0.000000 0.000000 1.000000
0.994113 0.016152 -0.107136 0.982301 -0.013130 0.999497 0.028858 97.924492 0.107548 -0.027282 0.993825 -1.649858 0.000000 0.000000 0.000000 1.000000
0.993498 -0.009544 -0.113453 1.296293 0.007570 0.999813 -0.017821 95.462944 0.113602 0.016847 0.993384 -3.710813 0.000000 0.000000 0.000000 1.000000
0.993165 -0.029446 -0.112946 1.549753 0.020232 0.996437 -0.081874 92.406036 0.114954 0.079030 0.990222 -5.977397 0.000000 0.000000 0.000000 1.000000
0.993310 -0.037681 -0.109155 1.725149 0.021088 0.988559 -0.149356 88.707054 0.113534 0.146055 0.982740 -8.145189 0.000000 0.000000 0.000000 1.000000
0.993502 -0.035408 -0.108167 1.870235 0.012418 0.978427 -0.206221 84.465584 0.113135 0.203538 0.972509 -10.114021 0.000000 0.000000 0.000000 1.000000
0.993639 -0.022863 -0.110271 2.047996 -0.005424 0.968325 -0.249634 79.692955 0.112486 0.248644 0.962041 -11.845390 0.000000 0.000000 0.000000 1.000000
0.993869 -0.000234 -0.110561 2.253390 -0.032012 0.956555 -0.289791 75.135315 0.105825 0.291553 0.950683 -13.264427 0.000000 0.000000 0.000000 1.000000
0.994110 0.023622 -0.105771 2.448887 -0.058147 0.939846 -0.336613 71.119888 0.091457 0.340781 0.935684 -14.182375 0.000000 0.000000 0.000000 1.000000
0.994686 0.035631 -0.096593 2.591763 -0.070412 0.919914 -0.385745 67.695320 0.075112 0.390497 0.917535 -14.544222 0.000000 0.000000 0.000000 1.000000
0.995774 0.033797 -0.085392 2.661946 -0.067167 0.902134 -0.426195 64.845711 0.062631 0.430130 0.900592 -14.447662 0.000000 0.000000 0.000000 1.000000
0.996773 0.028125 -0.075184 2.704667 -0.059324 0.889062 -0.453926 62.637974 0.054077 0.456922 0.887862 -13.906662 0.000000 0.000000 0.000000 1.000000
0.997299 0.025985 -0.068705 2.809898 -0.055204 0.882177 -0.467671 61.164024 0.048457 0.470201 0.881228 -12.882833 0.000000 0.000000 0.000000 1.000000
0.997385 0.024362 -0.068038 2.997838 -0.053064 0.886002 -0.460635 60.401363 0.049060 0.463041 0.884978 -11.538557 0.000000 0.000000 0.000000 1.000000
0.997209 0.017063 -0.072691 3.164561 -0.046596 0.902918 -0.427279 60.876072 0.058344 0.429474 0.901193 -10.273804 0.000000 0.000000 0.000000 1.000000
0.996786 0.004823 -0.079966 3.164769 -0.034421 0.927137 -0.373138 63.047928 0.072340 0.374691 0.924323 -9.318192 0.000000 0.000000 0.000000 1.000000
0.996336 -0.007738 -0.085173 2.940814 -0.019169 0.950356 -0.310573 66.590637 0.083348 0.311068 0.946726 -8.447405 0.000000 0.000000 0.000000 1.000000
0.996373 -0.018813 -0.082993 2.552556 -0.002298 0.968953 -0.247233 71.378387 0.085067 0.246527 0.965395 -7.292999 0.000000 0.000000 0.000000 1.000000
0.997042 -0.030038 -0.070747 2.139077 0.016687 0.983112 -0.182244 77.530899 0.075027 0.180524 0.980705 -5.731278 0.000000 0.000000 0.000000 1.000000
0.997686 -0.044969 -0.050987 1.843851 0.038893 0.992666 -0.114465 85.576515 0.055761 0.112217 0.992118 -3.821095 0.000000 0.000000 0.000000 1.000000
0.997441 -0.064663 -0.030511 1.750463 0.062857 0.996403 -0.056837 95.863403 0.034076 0.054774 0.997917 -1.407221 0.000000 0.000000 0.000000 1.000000
0.996954 -0.076603 -0.014685 1.921092 0.075949 0.996276 -0.040818 106.344498 0.017757 0.039578 0.999059 1.628267 0.000000 0.000000 0.000000 1.000000
0.996983 -0.077610 -0.001015 2.072291 0.077265 0.993631 -0.082018 113.914131 0.007374 0.081692 0.996630 4.170977 0.000000 0.000000 0.000000 1.000000
0.997068 -0.075305 0.013617 2.073236 0.076473 0.987075 -0.140836 121.520775 -0.002836 0.141465 0.989939 4.863479 0.000000 0.000000 0.000000 1.000000
0.997064 -0.072117 0.025748 1.935549 0.075374 0.983602 -0.163844 129.783386 -0.013510 0.165304 0.986150 3.551923 0.000000 0.000000 0.000000 1.000000
0.997634 -0.063013 0.027498 1.686223 0.066607 0.984960 -0.159431 136.238983 -0.017038 0.160885 0.986826 1.152284 0.000000 0.000000 0.000000 1.000000
0.998521 -0.050676 0.019699 1.393222 0.053328 0.983443 -0.173193 140.905121 -0.010596 0.173987 0.984691 -1.386245 0.000000 0.000000 0.000000 1.000000
0.999255 -0.037668 0.008406 1.163170 0.038595 0.975926 -0.214660 143.902252 -0.000118 0.214824 0.976653 -3.967139 0.000000 0.000000 0.000000 1.000000
0.999607 -0.027884 0.002984 1.037709 0.027760 0.968813 -0.246234 145.115463 0.003975 0.246220 0.969206 -6.257226 0.000000 0.000000 0.000000 1.000000
0.999849 -0.016713 0.004703 1.003363 0.017351 0.971425 -0.236711 144.909592 -0.000612 0.236757 0.971569 -7.553316 0.000000 0.000000 0.000000 1.000000
0.999956 -0.002042 0.009155 0.994412 0.003796 0.980634 -0.195811 143.939651 -0.008578 0.195837 0.980599 -7.832387 0.000000 0.000000 0.000000 1.000000
0.999835 0.013554 0.012116 0.950010 -0.011379 0.986333 -0.164373 142.776596 -0.014179 0.164208 0.986324 -7.708359 0.000000 0.000000 0.000000 1.000000
0.999542 0.027029 0.013621 0.914232 -0.024222 0.984180 -0.175507 141.530655 -0.018149 0.175097 0.984384 -7.347343 0.000000 0.000000 0.000000 1.000000
0.999185 0.036071 0.018103 1.003031 -0.031153 0.974489 -0.222261 139.894501 -0.025658 0.221516 0.974819 -6.428135 0.000000 0.000000 0.000000 1.000000
0.998757 0.042586 0.025883 1.254812 -0.034111 0.962839 -0.267912 137.235092 -0.036331 0.266696 0.963096 -4.878854 0.000000 0.000000 0.000000 1.000000
0.998300 0.050100 0.029787 1.596418 -0.039567 0.957761 -0.284829 133.182251 -0.042799 0.283166 0.958116 -3.027856 0.000000 0.000000 0.000000 1.000000
0.997889 0.060464 0.023703 1.958389 -0.051584 0.959670 -0.276357 127.804047 -0.039456 0.274551 0.960763 -1.178100 0.000000 0.000000 0.000000 1.000000
0.997307 0.072266 0.012523 2.359569 -0.066337 0.961617 -0.266257 121.111862 -0.031283 0.264709 0.963821 0.470916 0.000000 0.000000 0.000000 1.000000
0.996577 0.082069 0.009907 2.845716 -0.076216 0.958617 -0.274307 112.669159 -0.032009 0.272613 0.961591 1.636489 0.000000 0.000000 0.000000 1.000000
0.995692 0.089285 0.025019 3.388361 -0.077832 0.951431 -0.297860 102.166031 -0.050398 0.294630 0.954282 1.923089 0.000000 0.000000 0.000000 1.000000
0.994034 0.095935 0.051893 3.853502 -0.074881 0.946187 -0.314838 90.603477 -0.079304 0.309073 0.947726 0.927832 0.000000 0.000000 0.000000 1.000000
0.991946 0.102236 0.074776 4.120129 -0.074452 0.948216 -0.308777 79.944054 -0.102472 0.300723 0.948190 -1.156670 0.000000 0.000000 0.000000 1.000000
0.990568 0.104981 0.088056 4.330865 -0.075322 0.954032 -0.290085 71.672775 -0.114462 0.280717 0.952941 -2.949921 0.000000 0.000000 0.000000 1.000000
0.988996 0.108374 0.100707 4.552802 -0.076324 0.956901 -0.280207 66.141510 -0.126734 0.269437 0.954642 -3.966502 0.000000 0.000000 0.000000 1.000000
0.985412 0.115511 0.124985 4.712129 -0.075843 0.955494 -0.285096 62.649490 -0.152354 0.271458 0.950315 -5.077369 0.000000 0.000000 0.000000 1.000000
0.980700 0.119668 0.154617 4.837912 -0.069369 0.952330 -0.297079 60.511513 -0.182797 0.280620 0.942251 -6.304880 0.000000 0.000000 0.000000 1.000000
0.979085 0.114342 0.168282 4.876070 -0.057629 0.949118 -0.309602 59.436737 -0.195120 0.293429 0.935857 -7.379286 0.000000 0.000000 0.000000 1.000000
0.980919 0.106658 0.162548 4.717645 -0.049113 0.944906 -0.323636 59.194756 -0.188111 0.309477 0.932115 -8.077007 0.000000 0.000000 0.000000 1.000000
0.982207 0.107117 0.154260 4.446314 -0.049299 0.939643 -0.338586 59.622311 -0.181218 0.324956 0.928204 -8.464051 0.000000 0.000000 0.000000 1.000000
0.981424 0.116797 0.152203 4.183652 -0.057493 0.935922 -0.347482 60.639927 -0.183035 0.332277 0.925252 -8.751413 0.000000 0.000000 0.000000 1.000000
0.980294 0.128781 0.149796 3.939169 -0.069876 0.935324 -0.346824 62.284225 -0.184772 0.329522 0.925891 -9.109035 0.000000 0.000000 0.000000 1.000000
0.980233 0.138061 0.141709 3.644354 -0.082537 0.936326 -0.341293 64.526482 -0.179806 0.322851 0.929213 -9.425116 0.000000 0.000000 0.000000 1.000000
0.980511 0.145651 0.131851 3.210201 -0.094297 0.937649 -0.334549 67.173660 -0.172357 0.315596 0.933109 -9.421181 0.000000 0.000000 0.000000 1.000000
0.980202 0.152904 0.125793 2.631968 -0.105166 0.940352 -0.323540 70.108627 -0.167760 0.303906 0.937815 -9.109555 0.000000 0.000000 0.000000 1.000000
0.980172 0.155028 0.123409 2.015288 -0.111643 0.946611 -0.302428 73.487701 -0.163706 0.282654 0.945149 -8.762877 0.000000 0.000000 0.000000 1.000000
0.982171 0.144104 0.120722 1.468836 -0.107466 0.957297 -0.268392 77.525986 -0.154243 0.250634 0.955715 -8.512005 0.000000 0.000000 0.000000 1.000000
0.986118 0.120369 0.114378 1.016165 -0.091977 0.969478 -0.227271 82.120476 -0.138244 0.213596 0.967091 -8.280098 0.000000 0.000000 0.000000 1.000000
0.990089 0.094744 0.103665 0.625481 -0.073424 0.978450 -0.192989 86.894547 -0.119715 0.183465 0.975709 -7.977139 0.000000 0.000000 0.000000 1.000000
0.993008 0.075830 0.090470 0.280245 -0.059388 0.983255 -0.172289 91.372353 -0.102020 0.165712 0.980883 -7.571216 0.000000 0.000000 0.000000 1.000000
0.995252 0.060561 0.076197 -0.024943 -0.048157 0.986706 -0.155218 95.348747 -0.084584 0.150811 0.984937 -7.042979 0.000000 0.000000 0.000000 1.000000
0.997285 0.045656 0.057783 -0.282822 -0.037877 0.990895 -0.129203 98.660683 -0.063155 0.126663 0.989933 -6.352377 0.000000 0.000000 0.000000 1.000000
0.998935 0.033184 0.032056 -0.465960 -0.029962 0.994908 -0.096230 100.888992 -0.035086 0.095167 0.994843 -5.502717 0.000000 0.000000 0.000000 1.000000
0.999620 0.027549 -0.000716 -0.625821 -0.027535 0.997348 -0.067370 102.349106 -0.001142 0.067364 0.997728 -4.637020 0.000000 0.000000 0.000000 1.000000
0.998922 0.028007 -0.037032 -0.768329 -0.029709 0.998489 -0.046228 103.059998 0.035681 0.047278 0.998244 -3.846551 0.000000 0.000000 0.000000 1.000000
0.996954 0.031456 -0.071368 -0.892336 -0.033425 0.999088 -0.026562 103.111702 0.070467 0.028867 0.997096 -3.201978 0.000000 0.000000 0.000000 1.000000
0.994549 0.037589 -0.097260 -0.987423 -0.037902 0.999281 -0.001367 103.072250 0.097139 0.005046 0.995258 -2.723192 0.000000 0.000000 0.000000 1.000000
0.992765 0.046851 -0.110552 -1.025832 -0.043860 0.998607 0.029332 103.059792 0.111773 -0.024271 0.993437 -2.327404 0.000000 0.000000 0.000000 1.000000
0.992080 0.055919 -0.112474 -0.996846 -0.049633 0.997086 0.057937 103.120018 0.115386 -0.051896 0.991964 -1.893076 0.000000 0.000000 0.000000 1.000000
0.992342 0.060319 -0.107795 -0.910606 -0.052270 0.995737 0.075994 103.266266 0.111919 -0.069778 0.991264 -1.367982 0.000000 0.000000 0.000000 1.000000
0.993194 0.059182 -0.100318 -0.781539 -0.051030 0.995328 0.081970 103.388153 0.104700 -0.076293 0.991573 -0.796116 0.000000 0.000000 0.000000 1.000000
0.994085 0.056419 -0.092800 -0.607196 -0.048843 0.995437 0.081976 103.411339 0.097002 -0.076958 0.992304 -0.239367 0.000000 0.000000 0.000000 1.000000
0.994452 0.056099 -0.088985 -0.435920 -0.048754 0.995383 0.082680 103.359406 0.093212 -0.077883 0.992595 0.206694 0.000000 0.000000 0.000000 1.000000
0.994211 0.058077 -0.090398 -0.268492 -0.050496 0.995185 0.084004 103.287529 0.094841 -0.078953 0.992357 0.560282 0.000000 0.000000 0.000000 1.000000
0.993713 0.060632 -0.094122 -0.118617 -0.052919 0.995195 0.082384 103.242065 0.098665 -0.076885 0.992146 0.841667 0.000000 0.000000 0.000000 1.000000
0.993422 0.062672 -0.095838 -0.000729 -0.055354 0.995478 0.077201 103.253525 0.100243 -0.071388 0.992399 1.066672 0.000000 0.000000 0.000000 1.000000
0.993492 0.063983 -0.094229 0.082867 -0.057407 0.995829 0.070916 103.313843 0.098374 -0.065045 0.993022 1.256329 0.000000 0.000000 0.000000 1.000000
0.993718 0.065202 -0.090958 0.142455 -0.059392 0.996104 0.065185 103.393761 0.094854 -0.059374 0.993719 1.422169 0.000000 0.000000 0.000000 1.000000</float_array><technique_common><accessor source="#mixamorig_Hips-Matrix-animation-output-transform-array" count="79" stride="16"><param type="float4x4"/></accessor></technique_common></source><source id="mixamorig_Hips-Interpolations"><Name_array id="mixamorig_Hips-Interpolations-array" count="79">
 LINEAR LINEAR LINEAR LINEAR LINEAR LINEAR LINEAR LINEAR LINEAR LINEAR LINEAR
LINEAR LINEAR LINEAR LINEAR LINEAR LINEAR LINEAR LINEAR LINEAR LINEAR LINEAR LINEAR
LINEAR LINEAR LINEAR LINEAR LINEAR LINEAR LINEAR LINEAR LINEAR LINEAR LINEAR LINEAR
LINEAR LINEAR LINEAR LINEAR LINEAR LINEAR LINEAR LINEAR LINEAR LINEAR LINEAR LINEAR
LINEAR LINEAR LINEAR LINEAR LINEAR LINEAR LINEAR LINEAR LINEAR LINEAR LINEAR LINEAR
LINEAR LINEAR LINEAR LINEAR LINEAR LINEAR LINEAR LINEAR LINEAR LINEAR LINEAR LINEAR
LINEAR LINEAR LINEAR LINEAR LINEAR LINEAR LINEAR LINEAR</Name_array><technique_common><accessor source="#mixamorig_Hips-Interpolations-array" count="79"><param type="name"/></accessor></technique_common></source><sampler id="mixamorig_Hips-Matrix-animation-transform"><input semantic="INPUT" source="#mixamorig_Hips-Matrix-animation-input"/><input semantic="OUTPUT" source="#mixamorig_Hips-Matrix-animation-output-transform"/><input semantic="INTERPOLATION" source="#mixamorig_Hips-Interpolations"/></sampler><channel source="#mixamorig_Hips-Matrix-animation-transform" target="mixamorig_Hips/matrix"/></animation>
    <animation id="mixamorig_Spine-anim" name="mixamorig_Spine"><source id="mixamorig_Spine-Matrix-animation-input"><float_array id="mixamorig_Spine-Matrix-animation-input-array" count="79">

0.000000 0.033333 0.066667 0.100000 0.133333 0.166667 0.200000 0.233333 0.266667 0.300000 0.333333 0.366667 0.400000 0.433333 0.466667 0.500000
0.533333 0.566667 0.600000 0.633333 0.666667 0.700000 0.733333 0.766667 0.800000 0.833333 0.866667 0.900000 0.933333 0.966667 1.000000 1.033333
1.066667 1.100000 1.133333 1.166667 1.200000 1.233333 1.266667 1.300000 1.333333 1.366667 1.400000 1.433333 1.466667 1.500000 1.533333 1.566667
1.600000 1.633333 1.666667 1.700000 1.733333 1.766667 1.800000 1.833333 1.866667 1.900000 1.933333 1.966667 2.000000 2.033333 2.066667 2.100000
2.133333 2.166667 2.200000 2.233333 2.266667 2.300000 2.333333 2.366667 2.400000 2.433333 2.466667 2.500000 2.533333 2.566667 2.600000</float_array><technique_common><accessor source="#mixamorig_Spine-Matrix-animation-input-array" count="79"><param name="TIME" type="float"/></accessor></technique_common></source><source id="mixamorig_Spine-Matrix-animation-output-transform"><float_array id="mixamorig_Spine-Matrix-animation-output-transform-array" count="1264">

0.998512 -0.047478 0.026838 -0.000000 0.048957 0.997148 -0.057437 10.181600 -0.024035 0.058666 0.997988 0.131500 0.000000 0.000000 0.000000 1.000000
0.998796 -0.041869 0.025560 -0.000000 0.044167 0.994289 -0.097156 10.181600 -0.021346 0.098168 0.994941 0.131500 0.000000 0.000000 0.000000 1.000000
0.999244 -0.031851 0.022288 -0.000000 0.034851 0.987983 -0.150581 10.181600 -0.017224 0.151244 0.988346 0.131500 0.000000 0.000000 0.000000 1.000000
0.999755 -0.014604 0.016645 0.000000 0.017760 0.977805 -0.208764 10.181600 -0.013227 0.209008 0.977824 0.131500 0.000000 0.000000 0.000000 1.000000
0.999914 0.007730 0.010593 -0.000000 -0.004707 0.965525 -0.260268 10.181600 -0.012239 0.260196 0.965478 0.131500 0.000000 0.000000 0.000000 1.000000
0.999536 0.029547 0.007426 0.000000 -0.025916 0.952753 -0.302640 10.181600 -0.016017 0.302307 0.953076 0.131500 0.000000 0.000000 0.000000 1.000000
0.998940 0.045480 0.007147 0.000000 -0.040176 0.936978 -0.347071 10.181600 -0.022481 0.346416 0.937812 0.131500 0.000000 0.000000 0.000000 1.000000
0.998692 0.050845 0.005467 0.000000 -0.044283 0.913330 -0.404806 10.181600 -0.025575 0.404034 0.914386 0.131500 0.000000 0.000000 0.000000 1.000000
0.999105 0.042285 -0.000429 0.000000 -0.037486 0.880923 -0.471773 10.181600 -0.019571 0.471367 0.881720 0.131500 0.000000 0.000000 0.000000 1.000000
0.999704 0.023080 -0.007750 0.000000 -0.023664 0.846239 -0.532277 10.181600 -0.005726 0.532303 0.846535 0.131500 0.000000 0.000000 0.000000 1.000000
0.999928 0.004977 -0.010938 -0.000000 -0.010367 0.817595 -0.575701 10.181600 0.006078 0.575773 0.817587 0.131500 0.000000 0.000000 0.000000 1.000000
0.999967 -0.000161 -0.008160 0.000000 -0.004800 0.796951 -0.604024 10.181600 0.006600 0.604043 0.796924 0.131500 0.000000 0.000000 0.000000 1.000000
0.999966 0.007992 -0.001904 -0.000000 -0.007434 0.781517 -0.623840 10.181600 -0.003497 0.623833 0.781550 0.131500 0.000000 0.000000 0.000000 1.000000
0.999815 0.018572 0.004995 0.000000 -0.011141 0.770990 -0.636749 10.181600 -0.015677 0.636576 0.771055 0.131500 0.000000 0.000000 0.000000 1.000000
0.999693 0.021936 0.011524 -0.000000 -0.009444 0.767289 -0.641232 10.181600 -0.022909 0.640926 0.767261 0.131500 0.000000 0.000000 0.000000 1.000000
0.999661 0.018904 0.017897 0.000000 -0.003108 0.769252 -0.638938 10.181600 -0.025846 0.638666 0.769050 0.131500 0.000000 0.000000 0.000000 1.000000
0.999586 0.016776 0.023375 0.000000 0.001766 0.775127 -0.631803 10.181600 -0.028718 0.631582 0.774777 0.131500 0.000000 0.000000 0.000000 1.000000
0.999443 0.019789 0.026857 -0.000000 0.000903 0.788732 -0.614737 10.181600 -0.033348 0.614419 0.788275 0.131500 0.000000 0.000000 0.000000 1.000000
0.999282 0.026871 0.026713 0.000000 -0.006393 0.814492 -0.580140 10.181600 -0.037346 0.579552 0.814079 0.131500 0.000000 0.000000 0.000000 1.000000
0.999132 0.035283 0.022139 0.000000 -0.018010 0.845185 -0.534170 10.181600 -0.037559 0.533308 0.845087 0.131500 0.000000 0.000000 0.000000 1.000000
0.999051 0.041472 0.013275 0.000000 -0.029299 0.865743 -0.499631 10.181600 -0.032214 0.498768 0.866137 0.131500 0.000000 0.000000 0.000000 1.000000
0.999131 0.041670 0.000783 0.000000 -0.036065 0.873855 -0.484848 10.181600 -0.020888 0.484398 0.874598 0.131500 0.000000 0.000000 0.000000 1.000000
0.999219 0.037209 -0.013273 0.000000 -0.039167 0.889213 -0.455813 10.181600 -0.005158 0.455977 0.889976 0.131500 0.000000 0.000000 0.000000 1.000000
0.999329 0.029276 -0.022009 0.000000 -0.035329 0.929001 -0.368388 10.181600 0.009661 0.368918 0.929412 0.131500 0.000000 0.000000 0.000000 1.000000
0.999327 0.023612 -0.028083 0.000000 -0.029549 0.971662 -0.234522 10.181600 0.021750 0.235194 0.971705 0.131500 0.000000 0.000000 0.000000 1.000000
0.999037 0.022222 -0.037834 0.000000 -0.027166 0.990389 -0.135616 10.181600 0.034457 0.136514 0.990039 0.131500 0.000000 0.000000 0.000000 1.000000
0.998671 0.016632 -0.048780 -0.000000 -0.023256 0.990085 -0.138535 10.181600 0.045992 0.139485 0.989156 0.131500 0.000000 0.000000 0.000000 1.000000
0.998810 0.001210 -0.048757 0.000000 -0.012356 0.973358 -0.228956 10.181600 0.047181 0.229286 0.972215 0.131500 0.000000 0.000000 0.000000 1.000000
0.999380 -0.013271 -0.032619 0.000000 0.001018 0.936777 -0.349926 10.181600 0.035200 0.349675 0.936209 0.131500 0.000000 0.000000 0.000000 1.000000
0.999749 -0.022066 -0.003896 0.000000 0.017656 0.882835 -0.469352 10.181600 0.013796 0.469165 0.883003 0.131500 0.000000 0.000000 0.000000 1.000000
0.999372 -0.025120 0.024996 -0.000000 0.034991 0.811117 -0.583836 10.181600 -0.005608 0.584344 0.811487 0.131500 0.000000 0.000000 0.000000 1.000000
0.998613 -0.025446 0.046100 0.000000 0.050162 0.726003 -0.685859 10.181600 -0.016016 0.687220 0.726273 0.131500 0.000000 0.000000 0.000000 1.000000
0.998178 -0.023260 0.055674 0.000000 0.057401 0.650445 -0.757382 10.181600 -0.018596 0.759197 0.650595 0.131500 0.000000 0.000000 0.000000 1.000000
0.998209 -0.019364 0.056596 -0.000000 0.056439 0.618323 -0.783895 10.181600 -0.019815 0.785685 0.618309 0.131500 0.000000 0.000000 0.000000 1.000000
0.998294 -0.017515 0.055703 -0.000000 0.053715 0.649552 -0.758417 10.181600 -0.022899 0.760115 0.649385 0.131500 0.000000 0.000000 0.000000 1.000000
0.998076 -0.022498 0.057772 0.000000 0.055909 0.729314 -0.681891 10.181600 -0.026793 0.683809 0.729169 0.131500 0.000000 0.000000 0.000000 1.000000
0.997442 -0.034067 0.062838 0.000000 0.064052 0.816196 -0.574213 10.181600 -0.031726 0.576769 0.816291 0.131500 0.000000 0.000000 0.000000 1.000000
0.996696 -0.046534 0.066573 0.000000 0.072528 0.878859 -0.471536 10.181600 -0.036565 0.474806 0.879331 0.131500 0.000000 0.000000 0.000000 1.000000
0.996371 -0.055659 0.064404 0.000000 0.076680 0.915395 -0.395186 10.181600 -0.036960 0.398690 0.916341 0.131500 0.000000 0.000000 0.000000 1.000000
0.996513 -0.062309 0.055485 -0.000000 0.077534 0.937208 -0.340044 10.181600 -0.030813 0.343160 0.938771 0.131500 0.000000 0.000000 0.000000 1.000000
0.996509 -0.070473 0.044760 0.000000 0.080784 0.949260 -0.303941 10.181600 -0.021069 0.306495 0.951639 0.131500 0.000000 0.000000 0.000000 1.000000
0.995566 -0.084960 0.040386 -0.000000 0.093327 0.945888 -0.310784 10.181600 -0.011796 0.313175 0.949622 0.131500 0.000000 0.000000 0.000000 1.000000
0.993370 -0.105270 0.046187 0.000000 0.114945 0.915420 -0.385738 10.181600 -0.001674 0.388490 0.921451 0.131500 0.000000 0.000000 0.000000 1.000000
0.991214 -0.119384 0.056943 0.000000 0.131658 0.849189 -0.511414 10.181600 0.012699 0.514418 0.857446 0.131500 0.000000 0.000000 0.000000 1.000000
0.991784 -0.112987 0.059993 0.000000 0.125198 0.760939 -0.636630 10.181600 0.026280 0.638910 0.768833 0.131500 0.000000 0.000000 0.000000 1.000000
0.993904 -0.095105 0.055760 0.000000 0.105577 0.675459 -0.729800 10.181600 0.031744 0.731238 0.681383 0.131500 0.000000 0.000000 0.000000 1.000000
0.994600 -0.087372 0.056002 0.000000 0.097325 0.597958 -0.795597 10.181600 0.036026 0.796751 0.603232 0.131500 0.000000 0.000000 0.000000 1.000000
0.993156 -0.095154 0.067727 0.000000 0.107625 0.520363 -0.847136 10.181600 0.045365 0.848627 0.527043 0.131500 0.000000 0.000000 0.000000 1.000000
0.991150 -0.099962 0.087343 -0.000000 0.123144 0.446713 -0.886162 10.181600 0.049565 0.889075 0.455069 0.131500 0.000000 0.000000 0.000000 1.000000
0.990748 -0.088845 0.102594 0.000000 0.129611 0.395221 -0.909396 10.181600 0.040248 0.914279 0.403080 0.131500 0.000000 0.000000 0.000000 1.000000
0.991846 -0.074045 0.103725 0.000000 0.124153 0.377668 -0.917580 10.181600 0.028768 0.922976 0.383782 0.131500 0.000000 0.000000 0.000000 1.000000
0.993041 -0.073738 0.091831 -0.000000 0.113405 0.388322 -0.914519 10.181600 0.031774 0.918569 0.393982 0.131500 0.000000 0.000000 0.000000 1.000000
0.993343 -0.086971 0.075530 0.000000 0.105123 0.416374 -0.903096 10.181600 0.047095 0.905024 0.422745 0.131500 0.000000 0.000000 0.000000 1.000000
0.993154 -0.098898 0.062170 0.000000 0.101165 0.462061 -0.881059 10.181600 0.058409 0.881317 0.468902 0.131500 0.000000 0.000000 0.000000 1.000000
0.993404 -0.101684 0.053003 -0.000000 0.099275 0.531325 -0.841331 10.181600 0.057388 0.841044 0.537915 0.131500 0.000000 0.000000 0.000000 1.000000
0.994002 -0.099535 0.045304 0.000000 0.097377 0.617011 -0.780907 10.181600 0.049775 0.780635 0.623002 0.131500 0.000000 0.000000 0.000000 1.000000
0.994666 -0.096396 0.036716 -0.000000 0.093834 0.697715 -0.710204 10.181600 0.042844 0.709861 0.703038 0.131500 0.000000 0.000000 0.000000 1.000000
0.995692 -0.088605 0.027326 0.000000 0.085203 0.758056 -0.646600 10.181600 0.036578 0.646143 0.762339 0.131500 0.000000 0.000000 0.000000 1.000000
0.997208 -0.072183 0.019140 -0.000000 0.069365 0.800382 -0.595463 10.181600 0.027663 0.595128 0.803155 0.131500 0.000000 0.000000 0.000000 1.000000
0.998597 -0.050940 0.014436 0.000000 0.050534 0.835640 -0.546949 10.181600 0.015799 0.546911 0.837042 0.131500 0.000000 0.000000 0.000000 1.000000
0.999376 -0.032555 0.013738 0.000000 0.035098 0.869591 -0.492524 10.181600 0.004088 0.492699 0.870190 0.131500 0.000000 0.000000 0.000000 1.000000
0.999718 -0.018791 0.014547 0.000000 0.023253 0.899753 -0.435779 10.181600 -0.004900 0.435994 0.899936 0.131500 0.000000 0.000000 0.000000 1.000000
0.999827 -0.007792 0.016919 -0.000000 0.013702 0.922969 -0.384630 10.181600 -0.012619 0.384796 0.922916 0.131500 0.000000 0.000000 0.000000 1.000000
0.999750 0.001911 0.022280 0.000000 0.005773 0.940500 -0.339746 10.181600 -0.021603 0.339790 0.940253 0.131500 0.000000 0.000000 0.000000 1.000000
0.999458 0.008934 0.031676 -0.000000 0.000863 0.955007 -0.296581 10.181600 -0.032900 0.296448 0.954482 0.131500 0.000000 0.000000 0.000000 1.000000
0.999001 0.011913 0.043065 0.000000 -0.000517 0.966819 -0.255462 10.181600 -0.044679 0.255184 0.965860 0.131500 0.000000 0.000000 0.000000 1.000000
0.998568 0.010099 0.052536 -0.000000 0.001895 0.974730 -0.223379 10.181600 -0.053464 0.223158 0.973315 0.131500 0.000000 0.000000 0.000000 1.000000
0.998349 0.002042 0.057405 0.000000 0.009751 0.978841 -0.204391 10.181600 -0.056607 0.204613 0.977205 0.131500 0.000000 0.000000 0.000000 1.000000
0.998265 -0.012307 0.057586 -0.000000 0.023173 0.981115 -0.192031 10.181600 -0.054135 0.193032 0.979698 0.131500 0.000000 0.000000 0.000000 1.000000
0.998126 -0.028435 0.054191 0.000000 0.037509 0.983927 -0.174589 10.181600 -0.048356 0.176294 0.983149 0.131500 0.000000 0.000000 0.000000 1.000000
0.998042 -0.040262 0.047871 -0.000000 0.046910 0.988019 -0.147032 10.181600 -0.041377 0.148989 0.987973 0.131500 0.000000 0.000000 0.000000 1.000000
0.998215 -0.045190 0.039048 0.000000 0.049439 0.992046 -0.115758 10.181600 -0.033507 0.117482 0.992510 0.131500 0.000000 0.000000 0.000000 1.000000
0.998489 -0.046164 0.029814 0.000000 0.048714 0.994623 -0.091387 10.181600 -0.025435 0.092701 0.995369 0.131500 0.000000 0.000000 0.000000 1.000000
0.998606 -0.047121 0.023781 -0.000000 0.048856 0.995710 -0.078574 10.181600 -0.019977 0.079626 0.996625 0.131500 0.000000 0.000000 0.000000 1.000000
0.998531 -0.049021 0.023101 0.000000 0.050597 0.996011 -0.073500 10.181600 -0.019405 0.074561 0.997028 0.131500 0.000000 0.000000 0.000000 1.000000
0.998384 -0.050458 0.026160 0.000000 0.052177 0.996194 -0.069825 10.181600 -0.022537 0.071077 0.997216 0.131500 0.000000 0.000000 0.000000 1.000000
0.998305 -0.050383 0.029118 -0.000000 0.052188 0.996522 -0.064960 10.181600 -0.025744 0.066370 0.997463 0.131500 0.000000 0.000000 0.000000 1.000000
0.998362 -0.049083 0.029409 0.000000 0.050785 0.996893 -0.060213 10.181600 -0.026362 0.061608 0.997752 0.131500 0.000000 0.000000 0.000000 1.000000
0.998512 -0.047478 0.026838 0.000000 0.048957 0.997148 -0.057437 10.181600 -0.024035 0.058666 0.997988 0.131500 0.000000 0.000000 0.000000 1.000000</float_array><technique_common><accessor source="#mixamorig_Spine-Matrix-animation-output-transform-array" count="79" stride="16"><param type="float4x4"/></accessor></technique_common></source><source id="mixamorig_Spine-Interpolations"><Name_array id="mixamorig_Spine-Interpolations-array" count="79">
 LINEAR LINEAR LINEAR LINEAR LINEAR LINEAR LINEAR LINEAR LINEAR LINEAR LINEAR
LINEAR LINEAR LINEAR LINEAR LINEAR LINEAR LINEAR LINEAR LINEAR LINEAR LINEAR LINEAR
LINEAR LINEAR LINEAR LINEAR LINEAR LINEAR LINEAR LINEAR LINEAR LINEAR LINEAR LINEAR
LINEAR LINEAR LINEAR LINEAR LINEAR LINEAR LINEAR LINEAR LINEAR LINEAR LINEAR LINEAR
LINEAR LINEAR LINEAR LINEAR LINEAR LINEAR LINEAR LINEAR LINEAR LINEAR LINEAR LINEAR
LINEAR LINEAR LINEAR LINEAR LINEAR LINEAR LINEAR LINEAR LINEAR LINEAR LINEAR LINEAR
LINEAR LINEAR LINEAR LINEAR LINEAR LINEAR LINEAR LINEAR</Name_array><technique_common><accessor source="#mixamorig_Spine-Interpolations-array" count="79"><param type="name"/></accessor></technique_common></source><sampler id="mixamorig_Spine-Matrix-animation-transform"><input semantic="INPUT" source="#mixamorig_Spine-Matrix-animation-input"/><input semantic="OUTPUT" source="#mixamorig_Spine-Matrix-animation-output-transform"/><input semantic="INTERPOLATION" source="#mixamorig_Spine-Interpolations"/></sampler><channel source="#mixamorig_Spine-Matrix-animation-transform" target="mixamorig_Spine/matrix"/></animation>
    <animation id="mixamorig_Spine1-anim" name="mixamorig_Spine1"><source id="mixamorig_Spine1-Matrix-animation-input"><float_array id="mixamorig_Spine1-Matrix-animation-input-array" count="79">

0.000000 0.033333 0.066667 0.100000 0.133333 0.166667 0.200000 0.233333 0.266667 0.300000 0.333333 0.366667 0.400000 0.433333 0.466667 0.500000
0.533333 0.566667 0.600000 0.633333 0.666667 0.700000 0.733333 0.766667 0.800000 0.833333 0.866667 0.900000 0.933333 0.966667 1.000000 1.033333
1.066667 1.100000 1.133333 1.166667 1.200000 1.233333 1.266667 1.300000 1.333333 1.366667 1.400000 1.433333 1.466667 1.500000 1.533333 1.566667
1.600000 1.633333 1.666667 1.700000 1.733333 1.766667 1.800000 1.833333 1.866667 1.900000 1.933333 1.966667 2.000000 2.033333 2.066667 2.100000
2.133333 2.166667 2.200000 2.233333 2.266667 2.300000 2.333333 2.366667 2.400000 2.433333 2.466667 2.500000 2.533333 2.566667 2.600000</float_array><technique_common><accessor source="#mixamorig_Spine1-Matrix-animation-input-array" count="79"><param name="TIME" type="float"/></accessor></technique_common></source><source id="mixamorig_Spine1-Matrix-animation-output-transform"><float_array id="mixamorig_Spine1-Matrix-animation-output-transform-array" count="1264">

0.999616 -0.027101 0.005745 0.000000 0.027211 0.999430 -0.020000 10.083500 -0.005200 0.020149 0.999783 -1.000800 0.000000 0.000000 0.000000 1.000000
0.999718 -0.023199 0.005078 0.000000 0.023224 0.999718 -0.005015 10.083500 -0.004960 0.005132 0.999975 -1.000800 0.000000 0.000000 0.000000 1.000000
0.999819 -0.018521 0.004365 0.000000 0.018478 0.999782 0.009751 10.083500 -0.004544 -0.009669 0.999943 -1.000800 0.000000 0.000000 0.000000 1.000000
0.999894 -0.014049 0.003775 0.000000 0.013971 0.999701 0.020047 10.083500 -0.004055 -0.019992 0.999792 -1.000800 0.000000 0.000000 0.000000 1.000000
0.999926 -0.011629 0.003609 0.000000 0.011547 0.999690 0.022065 10.083500 -0.003864 -0.022022 0.999750 -1.000800 0.000000 0.000000 0.000000 1.000000
0.999908 -0.012913 0.004095 0.000000 0.012844 0.999781 0.016546 10.083500 -0.004308 -0.016492 0.999855 -1.000800 0.000000 0.000000 0.000000 1.000000
0.999836 -0.017444 0.004955 -0.000000 0.017398 0.999807 0.009142 10.083500 -0.005114 -0.009054 0.999946 -1.000800 0.000000 0.000000 0.000000 1.000000
0.999743 -0.022040 0.005301 0.000000 0.022014 0.999746 0.004781 10.083500 -0.005405 -0.004663 0.999975 -1.000800 0.000000 0.000000 0.000000 1.000000
0.999722 -0.023171 0.004381 -0.000000 0.023156 0.999726 0.003376 10.083500 -0.004458 -0.003273 0.999985 -1.000800 0.000000 0.000000 0.000000 1.000000
0.999785 -0.020567 0.002511 0.000000 0.020560 0.999784 0.002952 10.083500 -0.002571 -0.002900 0.999992 -1.000800 0.000000 0.000000 0.000000 1.000000
0.999844 -0.017630 0.000939 0.000000 0.017626 0.999836 0.004202 10.083500 -0.001013 -0.004184 0.999991 -1.000800 0.000000 0.000000 0.000000 1.000000
0.999842 -0.017779 0.000636 -0.000000 0.017772 0.999803 0.008880 10.083500 -0.000794 -0.008868 0.999960 -1.000800 0.000000 0.000000 0.000000 1.000000
0.999773 -0.021273 0.001467 0.000000 0.021248 0.999658 0.015278 10.083500 -0.001791 -0.015243 0.999882 -1.000800 0.000000 0.000000 0.000000 1.000000
0.999663 -0.025844 0.002586 0.000000 0.025790 0.999487 0.018976 10.083500 -0.003075 -0.018903 0.999817 -1.000800 0.000000 0.000000 0.000000 1.000000
0.999572 -0.029074 0.003353 0.000000 0.029007 0.999405 0.018648 10.083500 -0.003894 -0.018542 0.999820 -1.000800 0.000000 0.000000 0.000000 1.000000
0.999554 -0.029624 0.003721 -0.000000 0.029553 0.999400 0.018038 10.083500 -0.004253 -0.017920 0.999830 -1.000800 0.000000 0.000000 0.000000 1.000000
0.999615 -0.027468 0.003936 0.000000 0.027382 0.999417 0.020399 10.083500 -0.004494 -0.020284 0.999784 -1.000800 0.000000 0.000000 0.000000 1.000000
0.999704 -0.023970 0.004123 -0.000000 0.023866 0.999435 0.023652 10.083500 -0.004687 -0.023547 0.999712 -1.000800 0.000000 0.000000 0.000000 1.000000
0.999767 -0.021176 0.004182 0.000000 0.021066 0.999471 0.024789 10.083500 -0.004705 -0.024695 0.999684 -1.000800 0.000000 0.000000 0.000000 1.000000
0.999801 -0.019579 0.003890 0.000000 0.019462 0.999416 0.028100 10.083500 -0.004437 -0.028019 0.999598 -1.000800 0.000000 0.000000 0.000000 1.000000
0.999859 -0.016502 0.002956 -0.000000 0.016360 0.998950 0.042792 10.083500 -0.003659 -0.042738 0.999080 -1.000800 0.000000 0.000000 0.000000 1.000000
0.999962 -0.008607 0.001211 0.000000 0.008505 0.997657 0.067888 10.083500 -0.001793 -0.067875 0.997692 -1.000800 0.000000 0.000000 0.000000 1.000000
0.999994 0.003233 -0.001068 0.000000 -0.003130 0.996383 0.084919 10.083500 0.001339 -0.084915 0.996387 -1.000800 0.000000 0.000000 0.000000 1.000000
0.999903 0.013552 -0.003305 -0.000000 -0.013264 0.997063 0.075431 10.083500 0.004318 -0.075380 0.997146 -1.000800 0.000000 0.000000 0.000000 1.000000
0.999826 0.017922 -0.005215 0.000000 -0.017680 0.998908 0.043235 10.083500 0.005984 -0.043136 0.999051 -1.000800 0.000000 0.000000 0.000000 1.000000
0.999827 0.017258 -0.006987 0.000000 -0.017196 0.999813 0.008796 10.083500 0.007137 -0.008675 0.999937 -1.000800 0.000000 0.000000 0.000000 1.000000
0.999841 0.015573 -0.008666 0.000000 -0.015693 0.999779 -0.014018 10.083500 0.008445 0.014152 0.999864 -1.000800 0.000000 0.000000 0.000000 1.000000
0.999834 0.015458 -0.009620 0.000000 -0.015671 0.999625 -0.022450 10.083500 0.009269 0.022598 0.999702 -1.000800 0.000000 0.000000 0.000000 1.000000
0.999813 0.017003 -0.009189 0.000000 -0.017120 0.999771 -0.012809 10.083500 0.008969 0.012964 0.999876 -1.000800 0.000000 0.000000 0.000000 1.000000
0.999784 0.019299 -0.007733 0.000000 -0.019155 0.999651 0.018189 10.083500 0.008081 -0.018037 0.999805 -1.000800 0.000000 0.000000 0.000000 1.000000
0.999762 0.020813 -0.006470 0.000000 -0.020381 0.997932 0.060957 10.083500 0.007725 -0.060811 0.998119 -1.000800 0.000000 0.000000 0.000000 1.000000
0.999794 0.019309 -0.006315 -0.000000 -0.018609 0.995148 0.096619 10.083500 0.008150 -0.096481 0.995301 -1.000800 0.000000 0.000000 0.000000 1.000000
0.999878 0.013853 -0.007210 0.000000 -0.012936 0.993332 0.114560 10.083500 0.008749 -0.114453 0.993390 -1.000800 0.000000 0.000000 0.000000 1.000000
0.999940 0.006884 -0.008516 0.000000 -0.005840 0.993106 0.117078 10.083500 0.009263 -0.117022 0.993086 -1.000800 0.000000 0.000000 0.000000 1.000000
0.999948 0.002711 -0.009799 0.000000 -0.001629 0.994065 0.108778 10.083500 0.010036 -0.108756 0.994018 -1.000800 0.000000 0.000000 0.000000 1.000000
0.999933 0.003316 -0.011125 -0.000000 -0.002286 0.995814 0.091373 10.083500 0.011381 -0.091342 0.995755 -1.000800 0.000000 0.000000 0.000000 1.000000
0.999899 0.006232 -0.012789 0.000000 -0.005344 0.997650 0.068310 10.083500 0.013184 -0.068235 0.997582 -1.000800 0.000000 0.000000 0.000000 1.000000
0.999861 0.007253 -0.015007 0.000000 -0.006561 0.998935 0.045666 10.083500 0.015323 -0.045561 0.998844 -1.000800 0.000000 0.000000 0.000000 1.000000
0.999830 0.004626 -0.017860 -0.000000 -0.004146 0.999633 0.026779 10.083500 0.017978 -0.026701 0.999482 -1.000800 0.000000 0.000000 0.000000 1.000000
0.999774 -0.000488 -0.021248 0.000000 0.000751 0.999923 0.012350 10.083500 0.021241 -0.012363 0.999698 -1.000800 0.000000 0.000000 0.000000 1.000000
0.999672 -0.006320 -0.024837 -0.000000 0.006492 0.999955 0.006851 10.083500 0.024792 -0.007010 0.999668 -1.000800 0.000000 0.000000 0.000000 1.000000
0.999537 -0.011245 -0.028280 0.000000 0.011732 0.999785 0.017106 10.083500 0.028081 -0.017430 0.999454 -1.000800 0.000000 0.000000 0.000000 1.000000
0.999402 -0.014473 -0.031416 0.000000 0.015748 0.999047 0.040714 10.083500 0.030796 -0.041185 0.998677 -1.000800 0.000000 0.000000 0.000000 1.000000
0.999239 -0.019014 -0.034068 0.000000 0.021140 0.997779 0.063163 10.083500 0.032791 -0.063835 0.997422 -1.000800 0.000000 0.000000 0.000000 1.000000
0.998894 -0.030076 -0.036137 0.000000 0.032699 0.996696 0.074344 10.083500 0.033782 -0.075443 0.996578 -1.000800 0.000000 0.000000 0.000000 1.000000
0.998183 -0.046696 -0.038070 -0.000000 0.049696 0.995387 0.082074 10.083500 0.034062 -0.083816 0.995899 -1.000800 0.000000 0.000000 0.000000 1.000000
0.997361 -0.060300 -0.040426 0.000000 0.064054 0.993011 0.099123 10.083500 0.034166 -0.101451 0.994254 -1.000800 0.000000 0.000000 0.000000 1.000000
0.996936 -0.065551 -0.042692 -0.000000 0.070369 0.989864 0.123362 10.083500 0.034172 -0.125989 0.991443 -1.000800 0.000000 0.000000 0.000000 1.000000
0.996808 -0.066870 -0.043621 0.000000 0.072411 0.987339 0.141133 10.083500 0.033631 -0.143841 0.989029 -1.000800 0.000000 0.000000 0.000000 1.000000
0.996609 -0.070125 -0.043047 0.000000 0.075678 0.986539 0.144962 10.083500 0.032302 -0.147728 0.988500 -1.000800 0.000000 0.000000 0.000000 1.000000
0.996403 -0.073446 -0.042276 0.000000 0.078691 0.987032 0.139911 10.083500 0.031452 -0.142734 0.989261 -1.000800 0.000000 0.000000 0.000000 1.000000
0.996565 -0.071121 -0.042427 -0.000000 0.076249 0.987914 0.134950 10.083500 0.032317 -0.137722 0.989944 -1.000800 0.000000 0.000000 0.000000 1.000000
0.997089 -0.062853 -0.043165 0.000000 0.068080 0.988802 0.132803 10.083500 0.034334 -0.135355 0.990202 -1.000800 0.000000 0.000000 0.000000 1.000000
0.997570 -0.054521 -0.043383 -0.000000 0.059671 0.989984 0.127950 10.083500 0.035973 -0.130228 0.990831 -1.000800 0.000000 0.000000 0.000000 1.000000
0.997802 -0.050744 -0.042623 0.000000 0.055290 0.992019 0.113319 10.083500 0.036532 -0.115427 0.992644 -1.000800 0.000000 0.000000 0.000000 1.000000
0.997890 -0.050071 -0.041321 0.000000 0.053580 0.994616 0.088707 10.083500 0.036657 -0.090734 0.995200 -1.000800 0.000000 0.000000 0.000000 1.000000
0.998031 -0.048304 -0.040007 -0.000000 0.050735 0.996775 0.062171 10.083500 0.036875 -0.064079 0.997263 -1.000800 0.000000 0.000000 0.000000 1.000000
0.998277 -0.044119 -0.038680 -0.000000 0.045777 0.998023 0.043060 10.083500 0.036703 -0.044756 0.998323 -1.000800 0.000000 0.000000 0.000000 1.000000
0.998533 -0.039509 -0.037025 -0.000000 0.040796 0.998565 0.034695 10.083500 0.035601 -0.036155 0.998712 -1.000800 0.000000 0.000000 0.000000 1.000000
0.998738 -0.036048 -0.034963 -0.000000 0.037240 0.998726 0.034056 10.083500 0.033691 -0.035315 0.998808 -1.000800 0.000000 0.000000 0.000000 1.000000
0.998914 -0.033144 -0.032734 -0.000000 0.034333 0.998745 0.036460 10.083500 0.031485 -0.037544 0.998799 -1.000800 0.000000 0.000000 0.000000 1.000000
0.999090 -0.029773 -0.030535 0.000000 0.030952 0.998764 0.038888 10.083500 0.029340 -0.039798 0.998777 -1.000800 0.000000 0.000000 0.000000 1.000000
0.999257 -0.026179 -0.028278 0.000000 0.027307 0.998817 0.040239 10.083500 0.027191 -0.040981 0.998790 -1.000800 0.000000 0.000000 0.000000 1.000000
