<?xml version="1.0" encoding="utf-8"?>
<COLLADA xmlns="http://www.collada.org/2005/11/COLLADASchema" version="1.4.1">
  <asset><contributor><author>Mixamo</author><authoring_tool>COLLADA Mixamo exporter</authoring_tool><comments></comments></contributor><created>2021-04-18T12:15:40Z</created><modified>2021-04-18T12:15:40Z</modified><revision></revision><title></title><unit meter="0.010000"/><up_axis>Y_UP</up_axis></asset>
  <library_animations>
    <animation id="mixamorig_Hips-anim" name="mixamorig_Hips"><source id="mixamorig_Hips-Matrix-animation-input"><float_array id="mixamorig_Hips-Matrix-animation-input-array" count="276">

0.000000 0.033333 0.066667 0.100000 0.133333 0.166667 0.200000 0.233333 0.266667 0.300000 0.333333 0.366667 0.400000 0.433333 0.466667 0.500000
0.533333 0.566667 0.600000 0.633333 0.666667 0.700000 0.733333 0.766667 0.800000 0.833333 0.866667 0.900000 0.933333 0.966667 1.000000 1.033333
1.066667 1.100000 1.133333 1.166667 1.200000 1.233333 1.266667 1.300000 1.333333 1.366667 1.400000 1.433333 1.466667 1.500000 1.533333 1.566667
1.600000 1.633333 1.666667 1.700000 1.733333 1.766667 1.800000 1.833333 1.866667 1.900000 1.933333 1.966667 2.000000 2.033333 2.066667 2.100000
2.133333 2.166667 2.200000 2.233333 2.266667 2.300000 2.333333 2.366667 2.400000 2.433333 2.466667 2.500000 2.533333 2.566667 2.600000 2.633333
2.666667 2.700000 2.733333 2.766667 2.800000 2.833333 2.866667 2.900000 2.933333 2.966667 3.000000 3.033333 3.066667 3.100000 3.133333 3.166667
3.200000 3.233333 3.266667 3.300000 3.333333 3.366667 3.400000 3.433333 3.466667 3.500000 3.533333 3.566667 3.600000 3.633333 3.666667 3.700000
3.733333 3.766667 3.800000 3.833333 3.866667 3.900000 3.933333 3.966667 4.000000 4.033333 4.066667 4.100000 4.133333 4.166667 4.200000 4.233333
4.266667 4.300000 4.333333 4.366667 4.400000 4.433333 4.466667 4.500000 4.533333 4.566667 4.600000 4.633333 4.666667 4.700000 4.733333 4.766667
4.800000 4.833333 4.866667 4.900000 4.933333 4.966667 5.000000 5.033333 5.066667 5.100000 5.133333 5.166667 5.200000 5.233333 5.266667 5.300000
5.333333 5.366667 5.400000 5.433333 5.466667 5.500000 5.533333 5.566667 5.600000 5.633333 5.666667 5.700000 5.733333 5.766667 5.800000 5.833333
5.866667 5.900000 5.933333 5.966667 6.000000 6.033333 6.066667 6.100000 6.133333 6.166667 6.200000 6.233333 6.266667 6.300000 6.333333 6.366667
6.400000 6.433333 6.466667 6.500000 6.533333 6.566667 6.600000 6.633333 6.666667 6.700000 6.733333 6.766667 6.800000 6.833333 6.866667 6.900000
6.933333 6.966667 7.000000 7.033333 7.066667 7.100000 7.133333 7.166667 7.200000 7.233333 7.266667 7.300000 7.333333 7.366667 7.400000 7.433333
7.466667 7.500000 7.533333 7.566667 7.600000 7.633333 7.666667 7.700000 7.733333 7.766667 7.800000 7.833333 7.866667 7.900000 7.933333 7.966667
8.000000 8.033333 8.066667 8.100000 8.133333 8.166667 8.200000 8.233333 8.266667 8.300000 8.333333 8.366667 8.400000 8.433333 8.466667 8.500000
8.533333 8.566667 8.600000 8.633333 8.666667 8.700000 8.733333 8.766667 8.800000 8.833333 8.866667 8.900000 8.933333 8.966667 9.000000 9.033333
9.066667 9.100000 9.133333 9.166667</float_array><technique_common><accessor source="#mixamorig_Hips-Matrix-animation-input-array" count="276"><param name="TIME" type="float"/></accessor></technique_common></source><source id="mixamorig_Hips-Matrix-animation-output-transform"><float_array id="mixamorig_Hips-Matrix-animation-output-transform-array" count="4416">

0.423225 0.303362 0.853728 2.516589 0.272552 0.856005 -0.439285 79.664520 -0.864058 0.418602 0.279601 1.767981 0.000000 0.000000 0.000000 1.000000
0.425931 0.301672 0.852981 2.547311 0.272135 0.856402 -0.438770 79.669426 -0.862859 0.419012 0.282672 1.755911 0.000000 0.000000 0.000000 1.000000
0.428865 0.299557 0.852256 2.583587 0.272022 0.856810 -0.438042 79.672531 -0.861440 0.419693 0.285970 1.736834 0.000000 0.000000 0.000000 1.000000
0.431586 0.297338 0.851659 2.624861 0.272187 0.857187 -0.437201 79.673027 -0.860028 0.420501 0.289019 1.709167 0.000000 0.000000 0.000000 1.000000
0.433830 0.295317 0.851223 2.667592 0.272482 0.857516 -0.436372 79.666580 -0.858805 0.421254 0.291547 1.673128 0.000000 0.000000 0.000000 1.000000
0.435510 0.293813 0.850885 2.708644 0.272584 0.857813 -0.435722 79.645966 -0.857921 0.421699 0.293498 1.629606 0.000000 0.000000 0.000000 1.000000
0.436830 0.292780 0.850564 2.747242 0.272299 0.858150 -0.435238 79.603279 -0.857340 0.421733 0.295142 1.580912 0.000000 0.000000 0.000000 1.000000
0.438207 0.291817 0.850187 2.784492 0.271667 0.858607 -0.434731 79.535141 -0.856838 0.421470 0.296971 1.528572 0.000000 0.000000 0.000000 1.000000
0.440014 0.290537 0.849692 2.822511 0.270879 0.859195 -0.434061 79.445251 -0.856162 0.421157 0.299357 1.471600 0.000000 0.000000 0.000000 1.000000
0.442403 0.288747 0.849061 2.863345 0.270181 0.859851 -0.433195 79.344673 -0.855150 0.421047 0.302387 1.406999 0.000000 0.000000 0.000000 1.000000
0.445369 0.286320 0.848332 2.907290 0.269784 0.860539 -0.432075 79.248039 -0.853735 0.421299 0.306013 1.333252 0.000000 0.000000 0.000000 1.000000
0.448842 0.283228 0.847539 2.951543 0.269748 0.861256 -0.430667 79.165222 -0.851925 0.421924 0.310168 1.254520 0.000000 0.000000 0.000000 1.000000
0.452626 0.279837 0.846653 2.990963 0.269933 0.861933 -0.429195 79.095566 -0.849862 0.422804 0.314596 1.179769 0.000000 0.000000 0.000000 1.000000
0.456322 0.276812 0.845663 3.020394 0.270035 0.862480 -0.428029 79.034256 -0.847851 0.423678 0.318820 1.114528 0.000000 0.000000 0.000000 1.000000
0.459591 0.274562 0.844625 3.035609 0.269606 0.863006 -0.427239 78.988358 -0.846220 0.424072 0.322606 1.052543 0.000000 0.000000 0.000000 1.000000
0.462570 0.273012 0.843501 3.032158 0.268268 0.863705 -0.426668 78.979599 -0.845022 0.423648 0.326284 0.987606 0.000000 0.000000 0.000000 1.000000
0.466064 0.272206 0.841836 3.002691 0.265922 0.864403 -0.426724 79.028717 -0.843842 0.422744 0.330481 0.937454 0.000000 0.000000 0.000000 1.000000
0.471040 0.272766 0.838880 2.938604 0.262682 0.864472 -0.428586 79.130600 -0.842092 0.422240 0.335550 0.962855 0.000000 0.000000 0.000000 1.000000
0.477852 0.275368 0.834164 2.838108 0.258140 0.863652 -0.432977 79.248955 -0.839656 0.422230 0.341614 1.155492 0.000000 0.000000 0.000000 1.000000
0.486342 0.279837 0.827745 2.714407 0.250666 0.862825 -0.438975 79.343445 -0.837041 0.420980 0.349483 1.592631 0.000000 0.000000 0.000000 1.000000
0.497050 0.284982 0.819589 2.595364 0.238009 0.863527 -0.444604 79.405579 -0.834441 0.416060 0.361388 2.294943 0.000000 0.000000 0.000000 1.000000
0.512175 0.289103 0.808762 2.514108 0.218940 0.866591 -0.448425 79.463348 -0.830507 0.406742 0.380550 3.231997 0.000000 0.000000 0.000000 1.000000
0.535275 0.290603 0.793114 2.494745 0.193527 0.871786 -0.450041 79.560799 -0.822209 0.394385 0.410406 4.356118 0.000000 0.000000 0.000000 1.000000
0.569631 0.288567 0.769577 2.545228 0.161833 0.878629 -0.449245 79.726570 -0.805810 0.380447 0.453795 5.640832 0.000000 0.000000 0.000000 1.000000
0.614836 0.283414 0.735971 2.641496 0.124010 0.886846 -0.445114 80.011482 -0.778844 0.364940 0.510119 7.008249 0.000000 0.000000 0.000000 1.000000
0.665733 0.276381 0.693118 2.760931 0.082899 0.895732 -0.436798 80.425354 -0.741571 0.348250 0.573406 8.402571 0.000000 0.000000 0.000000 1.000000
0.715155 0.268762 0.645229 2.899264 0.043897 0.904027 -0.425215 80.937645 -0.697586 0.332418 0.634722 9.780186 0.000000 0.000000 0.000000 1.000000
0.758468 0.261417 0.596983 3.068951 0.011314 0.910604 -0.413126 81.486160 -0.651613 0.320097 0.687706 11.109467 0.000000 0.000000 0.000000 1.000000
0.795057 0.254792 0.550423 3.280033 -0.014317 0.915119 -0.402931 82.004639 -0.606366 0.312472 0.731219 12.368728 0.000000 0.000000 0.000000 1.000000
0.826360 0.248914 0.505144 3.526028 -0.035073 0.918018 -0.394984 82.451317 -0.562049 0.308682 0.767344 13.546849 0.000000 0.000000 0.000000 1.000000
0.853526 0.243273 0.460772 3.791349 -0.052631 0.920044 -0.388263 82.821793 -0.518385 0.307142 0.798086 14.638712 0.000000 0.000000 0.000000 1.000000
0.876904 0.237271 0.418022 4.069685 -0.067261 0.921687 -0.382058 83.136871 -0.475937 0.306911 0.824190 15.644289 0.000000 0.000000 0.000000 1.000000
0.896673 0.231032 0.377626 4.371050 -0.079193 0.922972 -0.376631 83.422241 -0.435552 0.307809 0.845901 16.570103 0.000000 0.000000 0.000000 1.000000
0.913152 0.225495 0.339567 4.709072 -0.089565 0.923686 -0.372534 83.694603 -0.397658 0.309766 0.863663 17.432457 0.000000 0.000000 0.000000 1.000000
0.926586 0.221561 0.303888 5.084777 -0.099610 0.923763 -0.369783 83.956085 -0.362650 0.312366 0.878016 18.254856 0.000000 0.000000 0.000000 1.000000
0.937143 0.219265 0.271451 5.483016 -0.109543 0.923454 -0.367742 84.196434 -0.331305 0.314891 0.889427 19.057163 0.000000 0.000000 0.000000 1.000000
0.945218 0.217793 0.243163 5.881337 -0.118660 0.923176 -0.365604 84.403564 -0.304109 0.316722 0.898446 19.844938 0.000000 0.000000 0.000000 1.000000
0.951471 0.216233 0.218964 6.262563 -0.126266 0.923191 -0.363008 84.576729 -0.280640 0.317744 0.905693 20.608784 0.000000 0.000000 0.000000 1.000000
0.956457 0.214273 0.198183 6.623144 -0.132235 0.923442 -0.360234 84.729340 -0.260199 0.318341 0.911568 21.333408 0.000000 0.000000 0.000000 1.000000
0.960393 0.212249 0.180541 6.970932 -0.136886 0.923719 -0.357780 84.879028 -0.242708 0.318896 0.916187 22.007368 0.000000 0.000000 0.000000 1.000000
0.963311 0.210734 0.166202 7.313067 -0.140722 0.923899 -0.355819 85.035851 -0.228537 0.319376 0.919657 22.626608 0.000000 0.000000 0.000000 1.000000
0.965290 0.210140 0.155101 7.645167 -0.144234 0.923979 -0.354203 85.200867 -0.217743 0.319538 0.922217 23.192698 0.000000 0.000000 0.000000 1.000000
0.966501 0.210468 0.146899 7.952836 -0.147575 0.923966 -0.352858 85.372459 -0.209995 0.319359 0.924074 23.710175 0.000000 0.000000 0.000000 1.000000
0.967151 0.211199 0.141471 8.223493 -0.150292 0.923916 -0.351839 85.550140 -0.205015 0.319019 0.925308 24.184364 0.000000 0.000000 0.000000 1.000000
0.967452 0.211635 0.138734 8.453335 -0.151799 0.923998 -0.350977 85.731453 -0.202469 0.318494 0.926050 24.619585 0.000000 0.000000 0.000000 1.000000
0.967572 0.211610 0.137932 8.645227 -0.152301 0.924373 -0.349770 85.910965 -0.201516 0.317421 0.926626 25.018642 0.000000 0.000000 0.000000 1.000000
0.967575 0.211723 0.137738 8.803187 -0.152898 0.925015 -0.347807 86.085297 -0.201048 0.315470 0.927393 25.383968 0.000000 0.000000 0.000000 1.000000
0.967430 0.212662 0.137311 8.929594 -0.154500 0.925728 -0.345193 86.256592 -0.200522 0.312735 0.928433 25.719149 0.000000 0.000000 0.000000 1.000000
0.967088 0.214476 0.136896 9.024249 -0.156960 0.926330 -0.342457 86.430099 -0.200260 0.309699 0.929507 26.029081 0.000000 0.000000 0.000000 1.000000
0.966546 0.216685 0.137247 9.083982 -0.159474 0.926767 -0.340105 86.608887 -0.200891 0.306840 0.930318 26.318260 0.000000 0.000000 0.000000 1.000000
0.965815 0.218915 0.138843 9.105721 -0.161487 0.927055 -0.338364 86.791977 -0.202788 0.304376 0.930716 26.588791 0.000000 0.000000 0.000000 1.000000
0.964885 0.221107 0.141804 9.093048 -0.162899 0.927197 -0.337298 86.974365 -0.206059 0.302354 0.930657 26.840561 0.000000 0.000000 0.000000 1.000000
0.963759 0.223203 0.146112 9.058931 -0.163655 0.927198 -0.336928 87.146301 -0.210678 0.300806 0.930124 27.073195 0.000000 0.000000 0.000000 1.000000
0.962480 0.225029 0.151637 9.019393 -0.163643 0.927117 -0.337157 87.294189 -0.216455 0.299693 0.929156 27.287128 0.000000 0.000000 0.000000 1.000000
0.961070 0.226574 0.158140 8.983742 -0.162969 0.927017 -0.337758 87.408325 -0.223126 0.298837 0.927853 27.483683 0.000000 0.000000 0.000000 1.000000
0.959478 0.228048 0.165520 8.950826 -0.161904 0.926914 -0.338552 87.491409 -0.230629 0.298034 0.926275 27.664532 0.000000 0.000000 0.000000 1.000000
0.957648 0.229496 0.173904 8.913336 -0.160467 0.926832 -0.339460 87.558495 -0.239084 0.297177 0.924405 27.830898 0.000000 0.000000 0.000000 1.000000
0.955636 0.230599 0.183260 8.865034 -0.158382 0.926857 -0.340370 87.626015 -0.248345 0.296244 0.922260 27.982828 0.000000 0.000000 0.000000 1.000000
0.953603 0.231053 0.193017 8.806029 -0.155564 0.927042 -0.341164 87.700111 -0.257762 0.295308 0.919974 28.119680 0.000000 0.000000 0.000000 1.000000
0.951680 0.230972 0.202376 8.743435 -0.152345 0.927298 -0.341921 87.773987 -0.266637 0.294568 0.917679 28.241821 0.000000 0.000000 0.000000 1.000000
0.949858 0.230765 0.210992 8.686038 -0.149160 0.927462 -0.342880 87.836288 -0.274812 0.294215 0.915377 28.351450 0.000000 0.000000 0.000000 1.000000
0.948011 0.230777 0.219126 8.636589 -0.146236 0.927469 -0.344115 87.882080 -0.282647 0.294181 0.913000 28.451996 0.000000 0.000000 0.000000 1.000000
0.946014 0.231120 0.227244 8.589163 -0.143595 0.927394 -0.345429 87.917419 -0.290581 0.294150 0.910516 28.546680 0.000000 0.000000 0.000000 1.000000
0.943811 0.231690 0.235669 8.535076 -0.141095 0.927334 -0.346618 87.954506 -0.298852 0.293890 0.907919 28.637884 0.000000 0.000000 0.000000 1.000000
0.941435 0.232286 0.244426 8.471929 -0.138531 0.927318 -0.347694 88.001816 -0.307425 0.293470 0.905188 28.726391 0.000000 0.000000 0.000000 1.000000
0.939017 0.232775 0.253107 8.406760 -0.135868 0.927312 -0.348758 88.058182 -0.315891 0.293100 0.902389 28.810287 0.000000 0.000000 0.000000 1.000000
0.936749 0.233071 0.261112 8.350592 -0.133227 0.927314 -0.349772 88.115784 -0.323654 0.292861 0.899711 28.884022 0.000000 0.000000 0.000000 1.000000
0.934688 0.232997 0.268460 8.310020 -0.130466 0.927380 -0.350634 88.168709 -0.330661 0.292709 0.897209 28.938780 0.000000 0.000000 0.000000 1.000000
0.932569 0.232352 0.276276 8.282595 -0.126957 0.927530 -0.351525 88.217972 -0.337932 0.292746 0.894484 28.965010 0.000000 0.000000 0.000000 1.000000
0.929895 0.231205 0.286077 8.258652 -0.122056 0.927641 -0.352966 88.269157 -0.346984 0.293304 0.890828 28.956764 0.000000 0.000000 0.000000 1.000000
0.926297 0.229897 0.298531 8.227180 -0.115714 0.927572 -0.355275 88.325821 -0.358585 0.294546 0.885810 28.914827 0.000000 0.000000 0.000000 1.000000
0.921793 0.228670 0.313063 8.183651 -0.108478 0.927401 -0.357995 88.387009 -0.372197 0.296037 0.879677 28.846840 0.000000 0.000000 0.000000 1.000000
0.916711 0.227455 0.328490 8.135011 -0.101050 0.927402 -0.360158 88.450317 -0.386562 0.296967 0.873144 28.764011 0.000000 0.000000 0.000000 1.000000
0.911434 0.226130 0.343734 8.095748 -0.093969 0.927754 -0.361169 88.518074 -0.400572 0.296881 0.866836 28.675745 0.000000 0.000000 0.000000 1.000000
0.906192 0.224780 0.358176 8.075970 -0.087468 0.928338 -0.361300 88.596107 -0.413721 0.296078 0.860914 28.586632 0.000000 0.000000 0.000000 1.000000
0.901012 0.223662 0.371688 8.072781 -0.081503 0.928856 -0.361364 88.689751 -0.426068 0.295300 0.855140 28.496706 0.000000 0.000000 0.000000 1.000000
0.895788 0.223010 0.384488 8.074695 -0.075910 0.929074 -0.362022 88.801865 -0.437952 0.295109 0.849181 28.405375 0.000000 0.000000 0.000000 1.000000
0.890421 0.222837 0.396854 8.073450 -0.070576 0.928999 -0.363291 88.933464 -0.449632 0.295474 0.842927 28.316101 0.000000 0.000000 0.000000 1.000000
0.884926 0.222869 0.408943 8.069782 -0.065450 0.928865 -0.364590 89.084930 -0.461109 0.295870 0.836564 28.238237 0.000000 0.000000 0.000000 1.000000
0.879349 0.222704 0.420890 8.068375 -0.060435 0.928941 -0.365262 89.256104 -0.472327 0.295757 0.830322 28.183857 0.000000 0.000000 0.000000 1.000000
0.873594 0.222157 0.432989 8.070120 -0.055375 0.929324 -0.365090 89.447258 -0.483495 0.294964 0.824154 28.160168 0.000000 0.000000 0.000000 1.000000
0.867375 0.221458 0.445664 8.070934 -0.050200 0.929896 -0.364380 89.659103 -0.495116 0.293681 0.817687 28.162373 0.000000 0.000000 0.000000 1.000000
0.860400 0.221026 0.459194 8.067063 -0.044965 0.930464 -0.363613 89.890358 -0.507631 0.292205 0.810510 28.174248 0.000000 0.000000 0.000000 1.000000
0.852664 0.221026 0.473404 8.059219 -0.039755 0.930927 -0.363035 90.134285 -0.520945 0.290727 0.802555 28.177208 0.000000 0.000000 0.000000 1.000000
0.844589 0.221195 0.487588 8.050789 -0.034633 0.931336 -0.362511 90.378372 -0.534294 0.289287 0.794257 28.160078 0.000000 0.000000 0.000000 1.000000
0.836834 0.221094 0.500826 8.042866 -0.029675 0.931797 -0.361765 90.609070 -0.546653 0.287875 0.786320 28.121386 0.000000 0.000000 0.000000 1.000000
0.829840 0.220544 0.512568 8.031727 -0.024972 0.932336 -0.360730 90.818710 -0.557443 0.286548 0.779197 28.063599 0.000000 0.000000 0.000000 1.000000
0.823544 0.219767 0.522951 8.010564 -0.020576 0.932869 -0.359628 91.008713 -0.566879 0.285409 0.772780 27.987106 0.000000 0.000000 0.000000 1.000000
0.817577 0.219127 0.532495 7.974143 -0.016499 0.933296 -0.358728 91.185509 -0.575583 0.284502 0.766657 27.890886 0.000000 0.000000 0.000000 1.000000
0.811719 0.218789 0.541519 7.923213 -0.012775 0.933612 -0.358057 91.352875 -0.583908 0.283724 0.760626 27.777149 0.000000 0.000000 0.000000 1.000000
0.806068 0.218617 0.549965 7.865270 -0.009465 0.933915 -0.357369 91.508789 -0.591748 0.282858 0.754868 27.651600 0.000000 0.000000 0.000000 1.000000
0.800787 0.218331 0.557737 7.809354 -0.006498 0.934306 -0.356413 91.649284 -0.598914 0.281787 0.749599 27.517689 0.000000 0.000000 0.000000 1.000000
0.795823 0.217782 0.565010 7.758635 -0.003559 0.934751 -0.355285 91.774193 -0.605519 0.280733 0.744672 27.372686 0.000000 0.000000 0.000000 1.000000
0.790864 0.217097 0.572191 7.708390 -0.000239 0.935075 -0.354450 91.888702 -0.611992 0.280185 0.739569 27.211231 0.000000 0.000000 0.000000 1.000000
0.785490 0.216546 0.579753 7.651631 0.003694 0.935129 -0.354289 91.999741 -0.618864 0.280432 0.733734 27.033175 0.000000 0.000000 0.000000 1.000000
0.779288 0.216193 0.588193 7.586285 0.008264 0.934980 -0.354604 92.110374 -0.626612 0.281200 0.726832 26.847916 0.000000 0.000000 0.000000 1.000000
0.771895 0.215774 0.598013 7.516355 0.013492 0.934870 -0.354734 92.216042 -0.635607 0.281886 0.718710 26.670734 0.000000 0.000000 0.000000 1.000000
0.763009 0.214964 0.609596 7.446788 0.019551 0.934975 -0.354175 92.305847 -0.646092 0.282156 0.709192 26.514578 0.000000 0.000000 0.000000 1.000000
0.752409 0.213759 0.623047 7.379052 0.026643 0.935229 -0.353040 92.370544 -0.658157 0.282230 0.697980 26.383387 0.000000 0.000000 0.000000 1.000000
0.739988 0.212537 0.638158 7.312642 0.034777 0.935406 -0.351861 92.411758 -0.671720 0.282566 0.684798 26.271372 0.000000 0.000000 0.000000 1.000000
0.725772 0.211708 0.654549 7.248832 0.043694 0.935362 -0.350982 92.442505 -0.686546 0.283333 0.669609 26.167633 0.000000 0.000000 0.000000 1.000000
0.709965 0.211316 0.671785 7.189421 0.053062 0.935156 -0.350240 92.477043 -0.702235 0.284305 0.652715 26.062824 0.000000 0.000000 0.000000 1.000000
0.692940 0.211105 0.689397 7.131389 0.062721 0.934900 -0.349325 92.518173 -0.718262 0.285301 0.634589 25.954683 0.000000 0.000000 0.000000 1.000000
0.675053 0.210959 0.706965 7.065789 0.072693 0.934565 -0.348286 92.555031 -0.734179 0.286503 0.615546 25.848446 0.000000 0.000000 0.000000 1.000000
0.656391 0.211084 0.724289 6.983660 0.083024 0.934017 -0.347447 92.572479 -0.749839 0.288195 0.595555 25.752598 0.000000 0.000000 0.000000 1.000000
0.636822 0.211605 0.741405 6.881057 0.093628 0.933260 -0.346784 92.561462 -0.765305 0.290256 0.574508 25.673559 0.000000 0.000000 0.000000 1.000000
0.616362 0.212189 0.758336 6.757320 0.104290 0.932533 -0.345696 92.521393 -0.780526 0.292160 0.552649 25.613737 0.000000 0.000000 0.000000 1.000000
0.595318 0.212410 0.774905 6.611558 0.114757 0.932060 -0.343650 92.456284 -0.795253 0.293507 0.530497 25.572432 0.000000 0.000000 0.000000 1.000000
0.573975 0.212451 0.790833 6.443189 0.124772 0.931791 -0.340876 92.369820 -0.809311 0.294328 0.508317 25.546045 0.000000 0.000000 0.000000 1.000000
0.552360 0.213070 0.805915 6.254908 0.134035 0.931503 -0.338139 92.267212 -0.822759 0.294795 0.485966 25.529554 0.000000 0.000000 0.000000 1.000000
0.530527 0.214901 0.819975 6.050414 0.142111 0.931091 -0.335968 92.150482 -0.835670 0.294768 0.463429 25.517878 0.000000 0.000000 0.000000 1.000000
0.508849 0.217910 0.832820 5.831991 0.148682 0.930647 -0.334350 92.019104 -0.847919 0.293959 0.441159 25.510178 0.000000 0.000000 0.000000 1.000000
0.487726 0.221539 0.844419 5.598516 0.153928 0.930287 -0.332974 91.872383 -0.859319 0.292380 0.419624 25.510595 0.000000 0.000000 0.000000 1.000000
0.466987 0.225260 0.855091 5.350582 0.158385 0.930063 -0.331508 91.708908 -0.869964 0.290244 0.398650 25.518635 0.000000 0.000000 0.000000 1.000000
0.445696 0.228845 0.865439 5.093842 0.162663 0.929974 -0.329681 91.534882 -0.880282 0.287712 0.377261 25.529051 0.000000 0.000000 0.000000 1.000000
0.422782 0.232498 0.875900 4.834414 0.166833 0.930042 -0.327397 91.354584 -0.890743 0.284547 0.354416 25.526520 0.000000 0.000000 0.000000 1.000000
0.397873 0.236532 0.886425 4.574825 0.170704 0.930235 -0.324843 91.169662 -0.901419 0.280563 0.329738 25.498009 0.000000 0.000000 0.000000 1.000000
0.371557 0.241065 0.896567 4.314231 0.174317 0.930413 -0.322406 90.984734 -0.911899 0.276079 0.303680 25.441135 0.000000 0.000000 0.000000 1.000000
0.344737 0.246027 0.905885 4.052627 0.177998 0.930401 -0.320423 90.806725 -0.921669 0.271707 0.276951 25.361271 0.000000 0.000000 0.000000 1.000000
0.317803 0.251286 0.914252 3.791528 0.181960 0.930155 -0.318909 90.642197 -0.930533 0.267708 0.249882 25.263222 0.000000 0.000000 0.000000 1.000000
0.290503 0.256592 0.921829 3.532873 0.186104 0.929828 -0.317467 90.490746 -0.938602 0.263781 0.222365 25.150194 0.000000 0.000000 0.000000 1.000000
0.262484 0.261581 0.928805 3.278515 0.190122 0.929667 -0.315553 90.345932 -0.946021 0.259413 0.194290 25.027283 0.000000 0.000000 0.000000 1.000000
0.233656 0.266070 0.935207 3.031873 0.193609 0.929839 -0.312914 90.201988 -0.952849 0.254179 0.165749 24.900444 0.000000 0.000000 0.000000 1.000000
0.204147 0.270147 0.940928 2.798905 0.196218 0.930372 -0.309688 90.055641 -0.959074 0.247849 0.136925 24.773512 0.000000 0.000000 0.000000 1.000000
0.174374 0.273783 0.945852 2.585457 0.197874 0.931231 -0.306030 89.908646 -0.964593 0.240524 0.108207 24.646162 0.000000 0.000000 0.000000 1.000000
0.145146 0.276571 0.949969 2.395013 0.198900 0.932379 -0.301840 89.767052 -0.969212 0.232760 0.080321 24.516867 0.000000 0.000000 0.000000 1.000000
0.117277 0.278114 0.953362 2.228513 0.199702 0.933772 -0.296965 89.639091 -0.972813 0.225216 0.053970 24.384398 0.000000 0.000000 0.000000 1.000000
0.090980 0.278523 0.956111 2.084777 0.200220 0.935372 -0.291534 89.531342 -0.975518 0.217956 0.029334 24.243656 0.000000 0.000000 0.000000 1.000000
0.065917 0.278301 0.958229 1.959966 0.199944 0.937157 -0.285935 89.439720 -0.977588 0.210440 0.006130 24.087303 0.000000 0.000000 0.000000 1.000000
0.041868 0.277882 0.959702 1.847641 0.198392 0.939105 -0.280573 89.352928 -0.979228 0.202145 -0.015811 23.909563 0.000000 0.000000 0.000000 1.000000
0.018959 0.277433 0.960558 1.740551 0.195643 0.941129 -0.275682 89.262184 -0.980492 0.193153 -0.036435 23.707384 0.000000 0.000000 0.000000 1.000000
-0.002791 0.276951 0.960880 1.635861 0.192431 0.943074 -0.271260 89.166283 -0.981307 0.184146 -0.055926 23.480146 0.000000 0.000000 0.000000 1.000000
-0.023701 0.276256 0.960792 1.537249 0.189595 0.944863 -0.266999 89.071907 -0.981576 0.175833 -0.074771 23.229664 0.000000 0.000000 0.000000 1.000000
-0.044094 0.274892 0.960464 1.451320 0.187395 0.946609 -0.262323 88.987938 -0.981294 0.168419 -0.093253 22.962713 0.000000 0.000000 0.000000 1.000000
-0.064045 0.272419 0.960045 1.382990 0.185281 0.948540 -0.256794 88.916649 -0.980596 0.161432 -0.111223 22.691196 0.000000 0.000000 0.000000 1.000000
-0.083498 0.269009 0.959511 1.335092 0.182396 0.950733 -0.250676 88.854813 -0.979673 0.154080 -0.128451 22.430742 0.000000 0.000000 0.000000 1.000000
-0.102479 0.265406 0.958675 1.310775 0.178262 0.953047 -0.244792 88.799698 -0.978632 0.145809 -0.144979 22.194767 0.000000 0.000000 0.000000 1.000000
-0.121190 0.262052 0.957414 1.312966 0.173094 0.955324 -0.239570 88.753098 -0.977421 0.136689 -0.161136 21.988585 0.000000 0.000000 0.000000 1.000000
-0.139817 0.258549 0.955826 1.342113 0.167408 0.957584 -0.234537 88.716400 -0.975923 0.127220 -0.177170 21.805731 0.000000 0.000000 0.000000 1.000000
-0.158164 0.254325 0.954098 1.394151 0.161579 0.959902 -0.229087 88.693771 -0.974103 0.117929 -0.192916 21.637241 0.000000 0.000000 0.000000 1.000000
-0.175595 0.249575 0.952302 1.464520 0.155533 0.962216 -0.223494 88.684189 -0.972099 0.108870 -0.207777 21.475258 0.000000 0.000000 0.000000 1.000000
-0.191647 0.245145 0.950355 1.551364 0.149146 0.964332 -0.218674 88.683395 -0.970065 0.099833 -0.221374 21.317442 0.000000 0.000000 0.000000 1.000000
-0.206608 0.241457 0.948162 1.654400 0.142590 0.966156 -0.214968 88.687065 -0.967978 0.090785 -0.234045 21.165384 0.000000 0.000000 0.000000 1.000000
-0.221330 0.237902 0.945735 1.771601 0.136167 0.967826 -0.211592 88.694000 -0.965646 0.081947 -0.246604 21.019394 0.000000 0.000000 0.000000 1.000000
-0.236528 0.233607 0.943124 1.898366 0.130021 0.969546 -0.207544 88.707817 -0.962886 0.073536 -0.259699 20.876295 0.000000 0.000000 0.000000 1.000000
-0.252256 0.228566 0.940279 2.029905 0.124126 0.971319 -0.202810 88.736137 -0.959666 0.065553 -0.273392 20.733099 0.000000 0.000000 0.000000 1.000000
-0.267920 0.223741 0.937101 2.163787 0.118484 0.972929 -0.198420 88.785088 -0.956128 0.057871 -0.287177 20.591787 0.000000 0.000000 0.000000 1.000000
-0.282838 0.220074 0.933579 2.300101 0.113184 0.974180 -0.195355 88.852295 -0.952466 0.050413 -0.300443 20.458536 0.000000 0.000000 0.000000 1.000000
-0.296856 0.217576 0.929805 2.439459 0.108264 0.975087 -0.193607 88.926216 -0.948765 0.043191 -0.313016 20.337469 0.000000 0.000000 0.000000 1.000000
-0.310322 0.215441 0.925897 2.581665 0.103610 0.975844 -0.192337 88.993202 -0.944968 0.036245 -0.325148 20.226841 0.000000 0.000000 0.000000 1.000000
-0.323443 0.212907 0.921984 2.726047 0.099091 0.976622 -0.190762 89.043411 -0.941045 0.029660 -0.336979 20.123890 0.000000 0.000000 0.000000 1.000000
-0.335950 0.209799 0.918217 2.873502 0.094627 0.977462 -0.188714 89.078568 -0.937114 0.023490 -0.348231 20.024225 0.000000 0.000000 0.000000 1.000000
-0.347356 0.206408 0.914734 3.025033 0.090368 0.978302 -0.186436 89.103333 -0.933369 0.017903 -0.358472 19.929510 0.000000 0.000000 0.000000 1.000000
-0.357427 0.203039 0.911603 3.180364 0.086550 0.979083 -0.184133 89.120911 -0.929922 0.013085 -0.367524 19.845030 0.000000 0.000000 0.000000 1.000000
-0.366458 0.199867 0.908714 3.337486 0.083322 0.979781 -0.181897 89.134094 -0.926696 0.009058 -0.375702 19.776386 0.000000 0.000000 0.000000 1.000000
-0.375273 0.197053 0.905726 3.492772 0.080586 0.980378 -0.179905 89.145157 -0.923404 0.005475 -0.383789 19.726192 0.000000 0.000000 0.000000 1.000000
-0.384805 0.194753 0.902218 3.642103 0.078051 0.980851 -0.178437 89.155739 -0.919692 0.001756 -0.392637 19.694540 0.000000 0.000000 0.000000 1.000000
-0.395430 0.192951 0.898001 3.784263 0.075455 0.981205 -0.177602 89.164207 -0.915392 -0.002470 -0.402557 19.681423 0.000000 0.000000 0.000000 1.000000
-0.406766 0.191397 0.893257 3.923839 0.072747 0.981487 -0.177175 89.167091 -0.910631 -0.007087 -0.413159 19.687057 0.000000 0.000000 0.000000 1.000000
-0.418236 0.189785 0.888291 4.069739 0.070034 0.981756 -0.176780 89.163887 -0.905635 -0.011725 -0.423897 19.709337 0.000000 0.000000 0.000000 1.000000
-0.429611 0.187972 0.883233 4.229980 0.067426 0.982042 -0.176205 89.158348 -0.900493 -0.016147 -0.434570 19.743742 0.000000 0.000000 0.000000 1.000000
-0.440831 0.186039 0.878099 4.409075 0.065063 0.982334 -0.175459 89.147125 -0.895229 -0.020216 -0.445148 19.790987 0.000000 0.000000 0.000000 1.000000
-0.451625 0.183877 0.873055 4.603581 0.062580 0.982651 -0.174587 89.137985 -0.890011 -0.024212 -0.455297 19.842289 0.000000 0.000000 0.000000 1.000000
-0.461800 0.181416 0.868233 4.809561 0.059945 0.983005 -0.173514 89.127510 -0.884956 -0.028082 -0.464827 19.896576 0.000000 0.000000 0.000000 1.000000
-0.471614 0.178833 0.863480 5.022546 0.057541 0.983374 -0.172237 89.115395 -0.879925 -0.031544 -0.474063 19.953054 0.000000 0.000000 0.000000 1.000000
-0.481471 0.176652 0.858475 5.238885 0.055906 0.983673 -0.171060 89.105377 -0.874677 -0.034367 -0.483486 20.010939 0.000000 0.000000 0.000000 1.000000
-0.491268 0.175245 0.853197 5.456165 0.055085 0.983841 -0.170361 89.099709 -0.869265 -0.036695 -0.492983 20.070740 0.000000 0.000000 0.000000 1.000000
-0.500399 0.174273 0.848074 5.672712 0.054484 0.983929 -0.170042 89.095245 -0.864079 -0.038882 -0.501852 20.135925 0.000000 0.000000 0.000000 1.000000
-0.508411 0.172949 0.843568 5.887186 0.053458 0.984073 -0.169537 89.086128 -0.859453 -0.041099 -0.509559 20.212040 0.000000 0.000000 0.000000 1.000000
-0.515420 0.170881 0.839727 6.098713 0.051814 0.984338 -0.168506 89.070953 -0.855370 -0.043342 -0.516201 20.301781 0.000000 0.000000 0.000000 1.000000
-0.521739 0.168409 0.836318 6.307726 0.049767 0.984660 -0.167234 89.051376 -0.851653 -0.045632 -0.522116 20.403305 0.000000 0.000000 0.000000 1.000000
-0.527347 0.166114 0.833253 6.514989 0.047629 0.984939 -0.166210 89.029137 -0.848314 -0.047964 -0.527317 20.514053 0.000000 0.000000 0.000000 1.000000
-0.531965 0.164269 0.830680 6.719631 0.045608 0.985137 -0.165605 89.004250 -0.845537 -0.050210 -0.531550 20.633759 0.000000 0.000000 0.000000 1.000000
-0.535599 0.162873 0.828617 6.918020 0.043768 0.985260 -0.165372 88.975899 -0.843337 -0.052306 -0.534833 20.762634 0.000000 0.000000 0.000000 1.000000
-0.538718 0.161904 0.826783 7.105040 0.042043 0.985305 -0.165551 88.945496 -0.841437 -0.054425 -0.537608 20.898071 0.000000 0.000000 0.000000 1.000000
-0.541715 0.161275 0.824946 7.277268 0.040309 0.985276 -0.166149 88.918297 -0.839595 -0.056752 -0.540240 21.034769 0.000000 0.000000 0.000000 1.000000
-0.544342 0.160729 0.823321 7.435252 0.038531 0.985227 -0.166862 88.901062 -0.837978 -0.059107 -0.542493 21.167122 0.000000 0.000000 0.000000 1.000000
-0.545750 0.160137 0.822504 7.582842 0.036950 0.985214 -0.167299 88.894272 -0.837133 -0.060912 -0.543598 21.293016 0.000000 0.000000 0.000000 1.000000
-0.545034 0.159704 0.823063 7.723773 0.035810 0.985229 -0.167457 88.897598 -0.837649 -0.061796 -0.542703 21.408621 0.000000 0.000000 0.000000 1.000000
-0.541646 0.159845 0.825269 7.857920 0.035220 0.985207 -0.167708 88.906067 -0.839868 -0.061772 -0.539264 21.514603 0.000000 0.000000 0.000000 1.000000
-0.535567 0.160687 0.829064 7.982358 0.035010 0.985111 -0.168316 88.915688 -0.843767 -0.061119 -0.533219 21.614113 0.000000 0.000000 0.000000 1.000000
-0.527169 0.161991 0.834177 8.094428 0.034983 0.984967 -0.169165 88.921715 -0.849040 -0.059996 -0.524911 21.711348 0.000000 0.000000 0.000000 1.000000
-0.516807 0.163505 0.840343 8.192474 0.035162 0.984818 -0.169991 88.916710 -0.855380 -0.058304 -0.514710 21.809261 0.000000 0.000000 0.000000 1.000000
-0.504418 0.165258 0.847498 8.273679 0.035717 0.984667 -0.170747 88.892273 -0.862720 -0.055857 -0.502587 21.908791 0.000000 0.000000 0.000000 1.000000
-0.489560 0.167560 0.855719 8.333505 0.036834 0.984461 -0.171696 88.842865 -0.871191 -0.052536 -0.488125 22.011204 0.000000 0.000000 0.000000 1.000000
-0.471852 0.170746 0.864986 8.369478 0.038628 0.984130 -0.173193 88.771027 -0.880831 -0.048309 -0.470960 22.119175 0.000000 0.000000 0.000000 1.000000
-0.451392 0.174811 0.875035 8.385348 0.041073 0.983654 -0.175322 88.684578 -0.891380 -0.043199 -0.451194 22.235830 0.000000 0.000000 0.000000 1.000000
-0.428825 0.179187 0.885438 8.389157 0.043898 0.983107 -0.177692 88.593170 -0.902320 -0.037329 -0.429447 22.361277 0.000000 0.000000 0.000000 1.000000
-0.405011 0.183121 0.895786 8.387297 0.046832 0.982607 -0.179695 88.503273 -0.913112 -0.030827 -0.406543 22.493357 0.000000 0.000000 0.000000 1.000000
-0.380463 0.186306 0.905835 8.381247 0.049826 0.982204 -0.181085 88.416611 -0.923453 -0.023762 -0.382976 22.631710 0.000000 0.000000 0.000000 1.000000
-0.355046 0.188961 0.915552 8.369836 0.052882 0.981850 -0.182137 88.332626 -0.933352 -0.016251 -0.358595 22.779528 0.000000 0.000000 0.000000 1.000000
-0.328304 0.191309 0.924996 8.353472 0.055871 0.981493 -0.183164 88.249748 -0.942918 -0.008453 -0.332917 22.941631 0.000000 0.000000 0.000000 1.000000
-0.299981 0.193311 0.934153 8.333723 0.058725 0.981137 -0.184175 88.167915 -0.952136 -0.000391 -0.305675 23.118740 0.000000 0.000000 0.000000 1.000000
-0.270082 0.195057 0.942872 8.310281 0.061773 0.980757 -0.185200 88.084862 -0.960854 0.008225 -0.276934 23.307138 0.000000 0.000000 0.000000 1.000000
-0.238547 0.196988 0.950942 8.278923 0.065408 0.980246 -0.186651 87.995193 -0.968926 0.017674 -0.246720 23.500042 0.000000 0.000000 0.000000 1.000000
-0.205129 0.199440 0.958199 8.231584 0.069363 0.979519 -0.189028 87.898933 -0.976274 0.027688 -0.214762 23.686283 0.000000 0.000000 0.000000 1.000000
-0.169688 0.202256 0.964520 8.164401 0.073017 0.978604 -0.192363 87.794098 -0.982789 0.037785 -0.180825 23.860449 0.000000 0.000000 0.000000 1.000000
-0.132381 0.204943 0.969780 8.077845 0.075998 0.977610 -0.196223 87.680161 -0.988281 0.047725 -0.144992 24.026800 0.000000 0.000000 0.000000 1.000000
-0.093520 0.207164 0.973826 7.976932 0.078197 0.976620 -0.200249 87.572052 -0.992542 0.057423 -0.107533 24.187872 0.000000 0.000000 0.000000 1.000000
-0.053204 0.208935 0.976481 7.863433 0.079736 0.975633 -0.204409 87.482712 -0.995395 0.066985 -0.068567 24.356829 0.000000 0.000000 0.000000 1.000000
-0.011492 0.210211 0.977589 7.738711 0.080428 0.974680 -0.208640 87.422028 -0.996694 0.076228 -0.028108 24.548206 0.000000 0.000000 0.000000 1.000000
0.031165 0.210595 0.977076 7.606439 0.079948 0.973894 -0.212459 87.391945 -0.996312 0.084737 0.013515 24.772486 0.000000 0.000000 0.000000 1.000000
0.073998 0.209678 0.974966 7.472493 0.078350 0.973402 -0.215288 87.390305 -0.994176 0.092320 0.055601 25.031853 0.000000 0.000000 0.000000 1.000000
0.116422 0.207536 0.971275 7.341337 0.076075 0.973189 -0.217064 87.416115 -0.990282 0.099161 0.097512 25.317940 0.000000 0.000000 0.000000 1.000000
0.158320 0.204639 0.965949 7.213248 0.073518 0.973129 -0.218210 87.471237 -0.984647 0.105562 0.139021 25.612295 0.000000 0.000000 0.000000 1.000000
0.200071 0.201311 0.958877 7.086099 0.070936 0.973120 -0.219102 87.555176 -0.977210 0.111855 0.180413 25.891211 0.000000 0.000000 0.000000 1.000000
0.242478 0.197528 0.949835 6.960524 0.068826 0.973084 -0.219933 87.658707 -0.967713 0.118703 0.222356 26.135748 0.000000 0.000000 0.000000 1.000000
0.286313 0.193189 0.938458 6.842629 0.067886 0.972910 -0.220992 87.770668 -0.955728 0.126981 0.265442 26.337303 0.000000 0.000000 0.000000 1.000000
0.331777 0.188316 0.924370 6.738924 0.068334 0.972501 -0.222648 87.890991 -0.940879 0.137036 0.309785 26.493891 0.000000 0.000000 0.000000 1.000000
0.378359 0.182975 0.907394 6.647773 0.069534 0.971881 -0.224973 88.033783 -0.923043 0.148216 0.354997 26.602409 0.000000 0.000000 0.000000 1.000000
0.424865 0.177300 0.887724 6.558664 0.070541 0.971166 -0.227727 88.210205 -0.902504 0.159375 0.400108 26.651508 0.000000 0.000000 0.000000 1.000000
0.469441 0.171623 0.866124 6.462365 0.071073 0.970400 -0.230807 88.411926 -0.880099 0.169908 0.443348 26.621473 0.000000 0.000000 0.000000 1.000000
0.510244 0.166330 0.843792 6.361218 0.071707 0.969476 -0.234466 88.619255 -0.857035 0.180140 0.482742 26.492483 0.000000 0.000000 0.000000 1.000000
0.546577 0.161678 0.821653 6.267980 0.072921 0.968269 -0.239035 88.816879 -0.834228 0.190567 0.517444 26.250038 0.000000 0.000000 0.000000 1.000000
0.579152 0.157477 0.799865 6.193769 0.075037 0.966702 -0.244656 89.033867 -0.811759 0.201713 0.548051 25.906137 0.000000 0.000000 0.000000 1.000000
0.609168 0.153569 0.778030 6.138745 0.077799 0.964767 -0.251341 89.295181 -0.789216 0.213638 0.575757 25.470154 0.000000 0.000000 0.000000 1.000000
0.637189 0.149605 0.756048 6.089022 0.081425 0.962421 -0.259066 89.605179 -0.766394 0.226635 0.601063 24.950111 0.000000 0.000000 0.000000 1.000000
0.662882 0.145172 0.734516 6.027778 0.086492 0.959608 -0.267716 89.933037 -0.743712 0.240994 0.623550 24.344536 0.000000 0.000000 0.000000 1.000000
0.685593 0.140195 0.714358 5.946623 0.092966 0.956387 -0.276915 90.225250 -0.722025 0.256262 0.642659 23.645430 0.000000 0.000000 0.000000 1.000000
0.704952 0.134987 0.696291 5.848206 0.099910 0.953033 -0.285913 90.445129 -0.702182 0.271122 0.658356 22.853592 0.000000 0.000000 0.000000 1.000000
0.721039 0.129908 0.680608 5.739824 0.106189 0.949946 -0.293814 90.588509 -0.684710 0.284124 0.671153 21.990007 0.000000 0.000000 0.000000 1.000000
0.734240 0.125085 0.667267 5.624249 0.111403 0.947356 -0.300175 90.661339 -0.669687 0.294736 0.681652 21.094349 0.000000 0.000000 0.000000 1.000000
0.745000 0.120528 0.656085 5.496970 0.116006 0.945145 -0.305358 90.645111 -0.656900 0.303601 0.690152 20.207069 0.000000 0.000000 0.000000 1.000000
0.753486 0.116035 0.647144 5.348977 0.121070 0.942982 -0.310045 90.512619 -0.646221 0.311964 0.696475 19.360132 0.000000 0.000000 0.000000 1.000000
0.759425 0.111427 0.640981 5.172802 0.127325 0.940718 -0.314385 90.244125 -0.638014 0.320365 0.700218 18.560436 0.000000 0.000000 0.000000 1.000000
0.762361 0.106789 0.638281 4.963705 0.134695 0.938508 -0.317898 89.844299 -0.632980 0.328326 0.701098 17.792267 0.000000 0.000000 0.000000 1.000000
0.762172 0.102572 0.639197 4.718433 0.142581 0.936526 -0.320297 89.339630 -0.631477 0.335259 0.699169 17.036295 0.000000 0.000000 0.000000 1.000000
0.759316 0.099111 0.643130 4.436983 0.150694 0.934683 -0.321960 88.769020 -0.633032 0.341385 0.694785 16.289690 0.000000 0.000000 0.000000 1.000000
0.754640 0.096057 0.649069 4.127406 0.159396 0.932754 -0.323361 88.174889 -0.636483 0.347480 0.688583 15.567542 0.000000 0.000000 0.000000 1.000000
0.749103 0.092722 0.655933 3.806159 0.168936 0.930680 -0.324493 87.590034 -0.640551 0.353889 0.681510 14.884673 0.000000 0.000000 0.000000 1.000000
0.743411 0.089038 0.662882 3.490738 0.178718 0.928618 -0.325160 87.029701 -0.644516 0.360196 0.674432 14.241220 0.000000 0.000000 0.000000 1.000000
0.737634 0.085794 0.669728 3.192102 0.187724 0.926728 -0.325475 86.498344 -0.648580 0.365806 0.667481 13.628111 0.000000 0.000000 0.000000 1.000000
0.731349 0.083880 0.676825 2.914976 0.195361 0.925054 -0.325743 86.000694 -0.653423 0.370457 0.660151 13.040898 0.000000 0.000000 0.000000 1.000000
0.724369 0.083482 0.684339 2.662824 0.201675 0.923560 -0.326136 85.543968 -0.659255 0.374257 0.652162 12.484852 0.000000 0.000000 0.000000 1.000000
0.716960 0.084096 0.692024 2.438942 0.207226 0.922113 -0.326750 85.134995 -0.665602 0.377672 0.643690 11.968334 0.000000 0.000000 0.000000 1.000000
0.709033 0.085144 0.700017 2.242481 0.213003 0.920457 -0.327703 84.781624 -0.672237 0.381458 0.634498 11.495872 0.000000 0.000000 0.000000 1.000000
0.699729 0.086560 0.709145 2.066784 0.219767 0.918418 -0.328954 84.491600 -0.679766 0.386026 0.623621 11.065457 0.000000 0.000000 0.000000 1.000000
0.688438 0.088818 0.719836 1.903388 0.227044 0.916202 -0.330188 84.263527 -0.688843 0.390748 0.610583 10.669271 0.000000 0.000000 0.000000 1.000000
0.675850 0.092371 0.731228 1.748691 0.233264 0.914310 -0.331097 84.076042 -0.699152 0.394342 0.596390 10.296905 0.000000 0.000000 0.000000 1.000000
0.663417 0.097207 0.741909 1.606744 0.237255 0.913034 -0.331782 83.897125 -0.709640 0.396132 0.582659 9.935496 0.000000 0.000000 0.000000 1.000000
0.651855 0.102926 0.751326 1.486742 0.239449 0.912126 -0.332702 83.703850 -0.719548 0.396778 0.569929 9.574398 0.000000 0.000000 0.000000 1.000000
0.640772 0.109098 0.759940 1.395833 0.241277 0.911082 -0.334237 83.494804 -0.728833 0.397526 0.557473 9.207822 0.000000 0.000000 0.000000 1.000000
0.629721 0.115451 0.768194 1.332515 0.243597 0.909668 -0.336400 83.282326 -0.737639 0.398968 0.544714 8.833897 0.000000 0.000000 0.000000 1.000000
0.619077 0.121938 0.775806 1.288219 0.245995 0.908048 -0.339022 83.072395 -0.745809 0.400725 0.532155 8.453218 0.000000 0.000000 0.000000 1.000000
0.609537 0.128746 0.782233 1.255548 0.247513 0.906492 -0.342066 82.858360 -0.753128 0.402115 0.520674 8.066799 0.000000 0.000000 0.000000 1.000000
