<?xml version="1.0" encoding="utf-8"?>
<COLLADA xmlns="http://www.collada.org/2005/11/COLLADASchema" version="1.4.1">
  <asset><contributor><author>Mixamo</author><authoring_tool>COLLADA Mixamo exporter</authoring_tool><comments></comments></contributor><created>2021-04-18T12:44:37Z</created><modified>2021-04-18T12:44:37Z</modified><revision></revision><title></title><unit meter="0.010000"/><up_axis>Y_UP</up_axis></asset>
  <library_animations>
    <animation id="mixamorig_Hips-anim" name="mixamorig_Hips"><source id="mixamorig_Hips-Matrix-animation-input"><float_array id="mixamorig_Hips-Matrix-animation-input-array" count="377">

0.000000 0.033333 0.066667 0.100000 0.133333 0.166667 0.200000 0.233333 0.266667 0.300000 0.333333 0.366667 0.400000 0.433333 0.466667 0.500000
0.533333 0.566667 0.600000 0.633333 0.666667 0.700000 0.733333 0.766667 0.800000 0.833333 0.866667 0.900000 0.933333 0.966667 1.000000 1.033333
1.066667 1.100000 1.133333 1.166667 1.200000 1.233333 1.266667 1.300000 1.333333 1.366667 1.400000 1.433333 1.466667 1.500000 1.533333 1.566667
1.600000 1.633333 1.666667 1.700000 1.733333 1.766667 1.800000 1.833333 1.866667 1.900000 1.933333 1.966667 2.000000 2.033333 2.066667 2.100000
2.133333 2.166667 2.200000 2.233333 2.266667 2.300000 2.333333 2.366667 2.400000 2.433333 2.466667 2.500000 2.533333 2.566667 2.600000 2.633333
2.666667 2.700000 2.733333 2.766667 2.800000 2.833333 2.866667 2.900000 2.933333 2.966667 3.000000 3.033333 3.066667 3.100000 3.133333 3.166667
3.200000 3.233333 3.266667 3.300000 3.333333 3.366667 3.400000 3.433333 3.466667 3.500000 3.533333 3.566667 3.600000 3.633333 3.666667 3.700000
3.733333 3.766667 3.800000 3.833333 3.866667 3.900000 3.933333 3.966667 4.000000 4.033333 4.066667 4.100000 4.133333 4.166667 4.200000 4.233333
4.266667 4.300000 4.333333 4.366667 4.400000 4.433333 4.466667 4.500000 4.533333 4.566667 4.600000 4.633333 4.666667 4.700000 4.733333 4.766667
4.800000 4.833333 4.866667 4.900000 4.933333 4.966667 5.000000 5.033333 5.066667 5.100000 5.133333 5.166667 5.200000 5.233333 5.266667 5.300000
5.333333 5.366667 5.400000 5.433333 5.466667 5.500000 5.533333 5.566667 5.600000 5.633333 5.666667 5.700000 5.733333 5.766667 5.800000 5.833333
5.866667 5.900000 5.933333 5.966667 6.000000 6.033333 6.066667 6.100000 6.133333 6.166667 6.200000 6.233333 6.266667 6.300000 6.333333 6.366667
6.400000 6.433333 6.466667 6.500000 6.533333 6.566667 6.600000 6.633333 6.666667 6.700000 6.733333 6.766667 6.800000 6.833333 6.866667 6.900000
6.933333 6.966667 7.000000 7.033333 7.066667 7.100000 7.133333 7.166667 7.200000 7.233333 7.266667 7.300000 7.333333 7.366667 7.400000 7.433333
7.466667 7.500000 7.533333 7.566667 7.600000 7.633333 7.666667 7.700000 7.733333 7.766667 7.800000 7.833333 7.866667 7.900000 7.933333 7.966667
8.000000 8.033333 8.066667 8.100000 8.133333 8.166667 8.200000 8.233333 8.266667 8.300000 8.333333 8.366667 8.400000 8.433333 8.466667 8.500000
8.533333 8.566667 8.600000 8.633333 8.666667 8.700000 8.733333 8.766667 8.800000 8.833333 8.866667 8.900000 8.933333 8.966667 9.000000 9.033333
9.066667 9.100000 9.133333 9.166667 9.200000 9.233333 9.266667 9.300000 9.333333 9.366667 9.400000 9.433333 9.466667 9.500000 9.533333 9.566667
9.600000 9.633333 9.666667 9.700000 9.733333 9.766667 9.800000 9.833333 9.866667 9.900000 9.933333 9.966667 10.000000 10.033333 10.066667 10.100000
10.133333 10.166667 10.200000 10.233333 10.266667 10.300000 10.333333 10.366667 10.400000 10.433333 10.466667 10.500000 10.533333 10.566667 10.600000 10.633333
10.666667 10.700000 10.733333 10.766667 10.800000 10.833333 10.866667 10.900000 10.933333 10.966667 11.000000 11.033333 11.066667 11.100000 11.133333 11.166667
11.200000 11.233333 11.266667 11.300000 11.333333 11.366667 11.400000 11.433333 11.466667 11.500000 11.533333 11.566667 11.600000 11.633333 11.666667 11.700000
11.733333 11.766667 11.800000 11.833333 11.866667 11.900000 11.933333 11.966667 12.000000 12.033333 12.066667 12.100000 12.133333 12.166667 12.200000 12.233333
12.266667 12.300000 12.333333 12.366667 12.400000 12.433333 12.466667 12.500000 12.533333</float_array><technique_common><accessor source="#mixamorig_Hips-Matrix-animation-input-array" count="377"><param name="TIME" type="float"/></accessor></technique_common></source><source id="mixamorig_Hips-Matrix-animation-output-transform"><float_array id="mixamorig_Hips-Matrix-animation-output-transform-array" count="6032">

0.996974 0.077714 0.002013 0.454186 -0.077729 0.996068 0.042497 100.249840 0.001298 -0.042525 0.999095 1.172622 0.000000 0.000000 0.000000 1.000000
0.998451 0.055631 0.000752 0.277171 -0.055625 0.997891 0.033456 100.522026 0.001110 -0.033446 0.999440 4.071261 0.000000 0.000000 0.000000 1.000000
0.999353 0.035972 -0.000091 0.097758 -0.035960 0.999064 0.024038 100.848091 0.000955 -0.024020 0.999711 6.926076 0.000000 0.000000 0.000000 1.000000
0.999782 0.020876 0.000382 -0.047034 -0.020879 0.999687 0.013805 101.184372 -0.000094 -0.013810 0.999905 9.770202 0.000000 0.000000 0.000000 1.000000
0.999938 0.010688 0.003204 -0.136204 -0.010698 0.999937 0.003276 101.445465 -0.003169 -0.003310 0.999990 12.675194 0.000000 0.000000 0.000000 1.000000
0.999962 0.004734 0.007333 -0.169820 -0.004690 0.999971 -0.006042 101.481331 -0.007361 0.006007 0.999955 15.764369 0.000000 0.000000 0.000000 1.000000
0.999950 0.001064 0.009905 -0.156065 -0.000937 0.999919 -0.012727 101.315483 -0.009918 0.012717 0.999870 19.141373 0.000000 0.000000 0.000000 1.000000
0.999972 -0.002549 0.006985 -0.097638 0.002662 0.999866 -0.016133 101.005875 -0.006943 0.016151 0.999845 22.844790 0.000000 0.000000 0.000000 1.000000
0.999956 -0.009047 -0.002289 0.092870 0.009009 0.999831 -0.016053 100.710007 0.002434 0.016032 0.999869 26.834932 0.000000 0.000000 0.000000 1.000000
0.999671 -0.021691 -0.013716 0.429431 0.021525 0.999695 -0.012085 100.599602 0.013974 0.011786 0.999833 31.014721 0.000000 0.000000 0.000000 1.000000
0.998930 -0.041294 -0.020801 0.806950 0.041228 0.999143 -0.003598 100.705795 0.020932 0.002737 0.999777 35.239124 0.000000 0.000000 0.000000 1.000000
0.997788 -0.063321 -0.020227 1.195730 0.063521 0.997936 0.009425 100.868301 0.019589 -0.010689 0.999751 39.337421 0.000000 0.000000 0.000000 1.000000
0.996752 -0.079283 -0.014143 1.586435 0.079619 0.996510 0.025055 100.883842 0.012107 -0.026100 0.999586 43.182182 0.000000 0.000000 0.000000 1.000000
0.996467 -0.083737 -0.006423 1.982126 0.083926 0.995692 0.039421 100.713081 0.003094 -0.039821 0.999202 46.724213 0.000000 0.000000 0.000000 1.000000
0.996841 -0.079387 0.002513 2.363629 0.079166 0.995635 0.049439 100.498421 -0.006427 -0.049084 0.998774 49.962948 0.000000 0.000000 0.000000 1.000000
0.997196 -0.073119 0.015936 2.680654 0.072130 0.995842 0.055644 100.392899 -0.019939 -0.054338 0.998323 52.946060 0.000000 0.000000 0.000000 1.000000
0.997015 -0.068351 0.035917 2.892854 0.066066 0.995927 0.061356 100.430229 -0.039964 -0.058800 0.997470 55.773022 0.000000 0.000000 0.000000 1.000000
0.996187 -0.063049 0.060294 3.004502 0.058883 0.995909 0.068544 100.568222 -0.064369 -0.064732 0.995824 58.544147 0.000000 0.000000 0.000000 1.000000
0.994851 -0.053927 0.085805 3.050401 0.047510 0.996040 0.075144 100.777657 -0.089517 -0.070681 0.993474 61.299297 0.000000 0.000000 0.000000 1.000000
0.992888 -0.040751 0.111862 3.056673 0.032189 0.996487 0.077311 101.042976 -0.114620 -0.073161 0.990712 64.017677 0.000000 0.000000 0.000000 1.000000
0.989947 -0.026439 0.138945 3.027882 0.016293 0.997151 0.073656 101.323090 -0.140497 -0.070652 0.987557 66.678680 0.000000 0.000000 0.000000 1.000000
0.986221 -0.014131 0.164829 2.964872 0.003173 0.997778 0.066554 101.558456 -0.165404 -0.065114 0.984074 69.308548 0.000000 0.000000 0.000000 1.000000
0.982684 -0.004674 0.185231 2.877917 -0.006551 0.998180 0.059945 101.708786 -0.185174 -0.060121 0.980865 71.975060 0.000000 0.000000 0.000000 1.000000
0.980102 0.003429 0.198465 2.779759 -0.014889 0.998304 0.056280 101.728218 -0.197936 -0.058115 0.978491 74.762329 0.000000 0.000000 0.000000 1.000000
0.978032 0.008731 0.208272 2.674657 -0.020655 0.998265 0.055147 101.521774 -0.207429 -0.058237 0.976515 77.816307 0.000000 0.000000 0.000000 1.000000
0.975514 0.010332 0.219693 2.592808 -0.022930 0.998230 0.054872 101.112465 -0.218737 -0.058566 0.974025 81.254295 0.000000 0.000000 0.000000 1.000000
0.971919 0.009360 0.235130 2.568264 -0.023062 0.998187 0.055593 100.627502 -0.234183 -0.059455 0.970373 85.062721 0.000000 0.000000 0.000000 1.000000
0.967362 0.011846 0.253122 2.610366 -0.027799 0.997839 0.059539 100.302727 -0.251870 -0.064633 0.965600 89.072029 0.000000 0.000000 0.000000 1.000000
0.962297 0.024422 0.270902 2.705040 -0.044237 0.996753 0.067282 100.275688 -0.268379 -0.076729 0.960253 93.083580 0.000000 0.000000 0.000000 1.000000
0.957052 0.046513 0.286161 2.839848 -0.070830 0.994649 0.075215 100.452911 -0.281131 -0.092254 0.955225 96.942139 0.000000 0.000000 0.000000 1.000000
0.952258 0.069183 0.297354 3.005523 -0.096459 0.992273 0.078038 100.637199 -0.289657 -0.102995 0.951573 100.541550 0.000000 0.000000 0.000000 1.000000
0.949016 0.083127 0.304070 3.193485 -0.110286 0.991198 0.073233 100.738571 -0.295306 -0.103034 0.949831 103.830582 0.000000 0.000000 0.000000 1.000000
0.947791 0.086676 0.306887 3.406305 -0.111105 0.991809 0.063012 100.797745 -0.298912 -0.093818 0.949658 106.808350 0.000000 0.000000 0.000000 1.000000
0.948102 0.084776 0.306456 3.668670 -0.105637 0.993038 0.052109 100.861313 -0.299905 -0.081778 0.950457 109.522858 0.000000 0.000000 0.000000 1.000000
0.949388 0.081851 0.303253 4.008555 -0.099479 0.994105 0.043119 100.929535 -0.297936 -0.071104 0.951934 112.069092 0.000000 0.000000 0.000000 1.000000
0.951367 0.077572 0.298133 4.422310 -0.092006 0.995155 0.034667 101.013214 -0.293999 -0.060411 0.953895 114.554970 0.000000 0.000000 0.000000 1.000000
0.953828 0.069032 0.292312 4.870783 -0.079762 0.996502 0.024935 101.177536 -0.289568 -0.047099 0.955998 117.045303 0.000000 0.000000 0.000000 1.000000
0.956444 0.055485 0.286595 5.321093 -0.062426 0.997935 0.015132 101.490685 -0.285164 -0.032364 0.957932 119.534958 0.000000 0.000000 0.000000 1.000000
0.958792 0.040343 0.281230 5.785160 -0.044246 0.998992 0.007538 101.940445 -0.280643 -0.019671 0.959611 121.982254 0.000000 0.000000 0.000000 1.000000
0.960454 0.028730 0.276953 6.303708 -0.030373 0.999537 0.001644 102.409904 -0.276778 -0.009991 0.960882 124.371918 0.000000 0.000000 0.000000 1.000000
0.960967 0.023701 0.275646 6.903653 -0.023078 0.999719 -0.005503 102.739433 -0.275699 -0.001073 0.961243 126.746613 0.000000 0.000000 0.000000 1.000000
0.959875 0.024904 0.279320 7.589776 -0.021370 0.999648 -0.015693 102.823471 -0.279613 0.009095 0.960070 129.189667 0.000000 0.000000 0.000000 1.000000
0.956998 0.030176 0.288520 8.370522 -0.023092 0.999343 -0.027926 102.663887 -0.289173 0.020062 0.957067 131.779282 0.000000 0.000000 0.000000 1.000000
0.952640 0.036960 0.301845 9.265446 -0.026042 0.998856 -0.040116 102.369278 -0.302982 0.030355 0.952513 134.542191 0.000000 0.000000 0.000000 1.000000
0.947898 0.044218 0.315491 10.302535 -0.029705 0.998274 -0.050665 102.051773 -0.317187 0.038653 0.947575 137.475510 0.000000 0.000000 0.000000 1.000000
0.944581 0.050985 0.324295 11.507309 -0.034067 0.997756 -0.057638 101.765289 -0.326506 0.043396 0.944198 140.589966 0.000000 0.000000 0.000000 1.000000
0.943974 0.053535 0.325650 12.887919 -0.036595 0.997650 -0.057929 101.519814 -0.327986 0.042767 0.943714 143.888702 0.000000 0.000000 0.000000 1.000000
0.945389 0.046618 0.322594 14.417777 -0.032496 0.998269 -0.049027 101.305481 -0.324321 0.035867 0.945267 147.301926 0.000000 0.000000 0.000000 1.000000
0.946514 0.027453 0.321492 16.021309 -0.018285 0.999336 -0.031504 101.092529 -0.322144 0.023941 0.946388 150.671768 0.000000 0.000000 0.000000 1.000000
0.945286 0.002371 0.326235 17.632336 0.000617 0.999959 -0.009054 100.885284 -0.326243 0.008759 0.945245 153.867310 0.000000 0.000000 0.000000 1.000000
0.941510 -0.017973 0.336506 19.228361 0.014264 0.999807 0.013491 100.697441 -0.336684 -0.007902 0.941585 156.832764 0.000000 0.000000 0.000000 1.000000
0.935229 -0.027041 0.353008 20.807581 0.016513 0.999325 0.032803 100.587044 -0.353657 -0.024849 0.935045 159.574219 0.000000 0.000000 0.000000 1.000000
0.924390 -0.027170 0.380479 22.327414 0.009197 0.998758 0.048977 100.611801 -0.381337 -0.041774 0.923492 162.127441 0.000000 0.000000 0.000000 1.000000
0.906115 -0.024789 0.422305 23.718166 -0.002522 0.997947 0.063989 100.750549 -0.423024 -0.059046 0.904192 164.558746 0.000000 0.000000 0.000000 1.000000
0.880312 -0.024296 0.473773 24.959270 -0.014346 0.996868 0.077776 100.950768 -0.474178 -0.075264 0.877206 166.927322 0.000000 0.000000 0.000000 1.000000
0.850821 -0.024009 0.524906 26.113728 -0.025604 0.995875 0.087052 101.143822 -0.524831 -0.087506 0.846697 169.246277 0.000000 0.000000 0.000000 1.000000
0.821824 -0.022004 0.569317 27.253035 -0.034903 0.995433 0.088856 101.350258 -0.568672 -0.092895 0.817302 171.483002 0.000000 0.000000 0.000000 1.000000
0.794503 -0.017989 0.606993 28.408997 -0.041863 0.995561 0.084299 101.611778 -0.605815 -0.092386 0.790223 173.615173 0.000000 0.000000 0.000000 1.000000
0.768600 -0.013420 0.639589 29.588577 -0.047265 0.995856 0.077694 101.903656 -0.637982 -0.089946 0.764780 175.661575 0.000000 0.000000 0.000000 1.000000
0.745139 -0.009680 0.666839 30.811111 -0.051964 0.996012 0.072524 102.121689 -0.664882 -0.088693 0.741664 177.679428 0.000000 0.000000 0.000000 1.000000
0.725634 -0.006601 0.688049 32.108894 -0.056712 0.995978 0.069366 102.179497 -0.685740 -0.089355 0.722341 179.728683 0.000000 0.000000 0.000000 1.000000
0.709773 -0.003586 0.704421 33.498848 -0.061998 0.995789 0.067538 102.055206 -0.701697 -0.091609 0.706562 181.854843 0.000000 0.000000 0.000000 1.000000
0.695957 -0.001214 0.718082 34.992535 -0.067825 0.995417 0.067418 101.809784 -0.714873 -0.095624 0.692685 184.103592 0.000000 0.000000 0.000000 1.000000
0.682846 -0.001887 0.730560 36.627136 -0.072325 0.994910 0.070171 101.472458 -0.726973 -0.100754 0.679234 186.555496 0.000000 0.000000 0.000000 1.000000
0.668633 -0.007835 0.743551 38.426777 -0.072221 0.994533 0.075423 101.114716 -0.740077 -0.104130 0.664412 189.263046 0.000000 0.000000 0.000000 1.000000
0.651070 -0.016804 0.758831 40.427433 -0.067782 0.994473 0.080178 100.756439 -0.755985 -0.103637 0.646333 192.239273 0.000000 0.000000 0.000000 1.000000
0.628596 -0.021563 0.777433 42.609425 -0.065565 0.994588 0.080599 100.444824 -0.774964 -0.101636 0.623780 195.372162 0.000000 0.000000 0.000000 1.000000
0.602502 -0.016350 0.797950 44.880676 -0.072676 0.994512 0.075253 100.225014 -0.794802 -0.103332 0.598008 198.461395 0.000000 0.000000 0.000000 1.000000
0.575426 -0.003445 0.817846 47.095699 -0.088499 0.993857 0.066453 100.108734 -0.813051 -0.110618 0.571587 201.333832 0.000000 0.000000 0.000000 1.000000
0.547777 0.008881 0.836577 49.113457 -0.104120 0.992893 0.057636 100.107330 -0.830120 -0.118676 0.544809 203.924591 0.000000 0.000000 0.000000 1.000000
0.518546 0.014931 0.854919 50.907963 -0.110358 0.992653 0.049600 100.170708 -0.847898 -0.120067 0.516384 206.255920 0.000000 0.000000 0.000000 1.000000
0.488815 0.016148 0.872238 52.554268 -0.105724 0.993556 0.040856 100.241852 -0.865957 -0.112188 0.487373 208.339249 0.000000 0.000000 0.000000 1.000000
0.462920 0.017010 0.886237 54.178295 -0.095327 0.994973 0.030697 100.283691 -0.881259 -0.098693 0.462214 210.191162 0.000000 0.000000 0.000000 1.000000
0.444145 0.019607 0.895740 55.875973 -0.084141 0.996255 0.019913 100.298653 -0.891995 -0.084213 0.444132 211.876328 0.000000 0.000000 0.000000 1.000000
0.431227 0.023137 0.901947 57.665768 -0.072812 0.997303 0.009228 100.338104 -0.899301 -0.069652 0.431748 213.468842 0.000000 0.000000 0.000000 1.000000
0.420573 0.026486 0.906872 59.511284 -0.059206 0.998244 -0.001697 100.474579 -0.905325 -0.052978 0.421403 214.991791 0.000000 0.000000 0.000000 1.000000
0.409808 0.029578 0.911692 61.375023 -0.042814 0.998996 -0.013166 100.740753 -0.911166 -0.033637 0.410663 216.421448 0.000000 0.000000 0.000000 1.000000
0.398214 0.032597 0.916713 63.251270 -0.026719 0.999357 -0.023929 101.089539 -0.916903 -0.014964 0.398829 217.736496 0.000000 0.000000 0.000000 1.000000
0.385713 0.035546 0.921934 65.168633 -0.015086 0.999367 -0.032220 101.413025 -0.922496 -0.001480 0.386005 218.947128 0.000000 0.000000 0.000000 1.000000
0.372757 0.039054 0.927107 67.177132 -0.009197 0.999220 -0.038394 101.611893 -0.927883 0.005785 0.372826 220.084152 0.000000 0.000000 0.000000 1.000000
0.360809 0.044290 0.931588 69.337196 -0.007081 0.998973 -0.044751 101.618713 -0.932613 0.009550 0.360752 221.185532 0.000000 0.000000 0.000000 1.000000
0.351815 0.050835 0.934688 71.695030 -0.005718 0.998622 -0.052160 101.456970 -0.936052 0.013006 0.351621 222.283661 0.000000 0.000000 0.000000 1.000000
0.348078 0.056770 0.935745 74.288704 -0.005355 0.998269 -0.058572 101.164169 -0.937450 0.015377 0.347780 223.405930 0.000000 0.000000 0.000000 1.000000
0.351633 0.060822 0.934160 77.164024 -0.008961 0.998060 -0.061610 100.774796 -0.936095 0.013293 0.351496 224.581436 0.000000 0.000000 0.000000 1.000000
0.362735 0.062976 0.929762 80.370079 -0.017949 0.998001 -0.060596 100.340485 -0.931720 0.005292 0.363140 225.829407 0.000000 0.000000 0.000000 1.000000
0.378810 0.061588 0.923423 83.905220 -0.028700 0.998085 -0.054795 99.930061 -0.925029 -0.005746 0.379853 227.123932 0.000000 0.000000 0.000000 1.000000
0.394697 0.051833 0.917348 87.645691 -0.033890 0.998549 -0.041839 99.620399 -0.918186 -0.014575 0.395881 228.383820 0.000000 0.000000 0.000000 1.000000
0.404290 0.030007 0.914139 91.363998 -0.028531 0.999389 -0.020188 99.443314 -0.914186 -0.017919 0.404899 229.526291 0.000000 0.000000 0.000000 1.000000
0.403066 -0.000827 0.915171 94.853165 -0.015275 0.999854 0.007631 99.352013 -0.915043 -0.017055 0.402995 230.522186 0.000000 0.000000 0.000000 1.000000
0.389740 -0.031818 0.920375 98.045120 -0.002911 0.999355 0.035781 99.285004 -0.920920 -0.016625 0.389396 231.384598 0.000000 0.000000 0.000000 1.000000
0.364683 -0.055606 0.929470 100.994957 0.001081 0.998240 0.059297 99.248398 -0.931131 -0.020620 0.364101 232.126831 0.000000 0.000000 0.000000 1.000000
0.326912 -0.071839 0.942320 103.755081 -0.003160 0.997018 0.077105 99.331947 -0.945049 -0.028184 0.325710 232.758667 0.000000 0.000000 0.000000 1.000000
0.275479 -0.084099 0.957621 106.341576 -0.011652 0.995801 0.090804 99.576431 -0.961236 -0.036173 0.273343 233.320877 0.000000 0.000000 0.000000 1.000000
0.214196 -0.094695 0.972190 108.781570 -0.020156 0.994649 0.101324 99.932152 -0.976583 -0.041299 0.211141 233.873901 0.000000 0.000000 0.000000 1.000000
0.152317 -0.102101 0.983044 111.153419 -0.027116 0.993843 0.107424 100.281219 -0.987960 -0.043019 0.148611 234.443604 0.000000 0.000000 0.000000 1.000000
0.098219 -0.103223 0.989797 113.532570 -0.032716 0.993733 0.106880 100.568604 -0.994627 -0.042880 0.094227 234.987762 0.000000 0.000000 0.000000 1.000000
0.054303 -0.097215 0.993781 115.931343 -0.037681 0.994341 0.099329 100.851151 -0.997813 -0.042840 0.050333 235.431763 0.000000 0.000000 0.000000 1.000000
0.019250 -0.087734 0.995958 118.318741 -0.042746 0.995159 0.088489 101.183197 -0.998901 -0.044277 0.015406 235.738281 0.000000 0.000000 0.000000 1.000000
-0.007737 -0.080856 0.996696 120.690948 -0.048497 0.995583 0.080389 101.523300 -0.998793 -0.047715 -0.011624 235.938644 0.000000 0.000000 0.000000 1.000000
-0.027063 -0.079731 0.996449 123.095879 -0.055146 0.995415 0.078151 101.785980 -0.998111 -0.052836 -0.031336 236.104431 0.000000 0.000000 0.000000 1.000000
-0.041940 -0.082324 0.995723 125.631088 -0.061131 0.994944 0.079685 101.851997 -0.997248 -0.057528 -0.046760 236.305038 0.000000 0.000000 0.000000 1.000000
-0.057178 -0.085729 0.994676 128.433914 -0.064450 0.994545 0.082013 101.683060 -0.996281 -0.059418 -0.062392 236.526825 0.000000 0.000000 0.000000 1.000000
-0.078351 -0.090744 0.992787 131.527481 -0.062680 0.994327 0.085938 101.391724 -0.994953 -0.055494 -0.083595 236.717972 0.000000 0.000000 0.000000 1.000000
-0.107708 -0.099803 0.989160 134.927246 -0.056157 0.993971 0.094173 100.996666 -0.992595 -0.045405 -0.112663 236.806305 0.000000 0.000000 0.000000 1.000000
-0.144089 -0.112021 0.983204 138.527695 -0.051697 0.993067 0.105569 100.597054 -0.988213 -0.035617 -0.148881 236.740585 0.000000 0.000000 0.000000 1.000000
-0.185071 -0.123442 0.974942 142.101089 -0.058694 0.991697 0.114421 100.341576 -0.980971 -0.036047 -0.190780 236.534119 0.000000 0.000000 0.000000 1.000000
-0.228332 -0.131369 0.964680 145.469482 -0.078703 0.990102 0.116203 100.206856 -0.970397 -0.049391 -0.236411 236.241333 0.000000 0.000000 0.000000 1.000000
-0.272555 -0.135414 0.952563 148.537827 -0.101744 0.988552 0.111419 100.112503 -0.956746 -0.066550 -0.283212 235.923294 0.000000 0.000000 0.000000 1.000000
-0.316140 -0.134503 0.939130 151.280594 -0.114907 0.988040 0.102826 100.080719 -0.941728 -0.075405 -0.327814 235.585800 0.000000 0.000000 0.000000 1.000000
-0.356720 -0.126351 0.925627 153.713943 -0.113618 0.989324 0.091259 100.189697 -0.927277 -0.072614 -0.367268 235.177902 0.000000 0.000000 0.000000 1.000000
-0.393168 -0.110553 0.912796 155.900833 -0.102673 0.991815 0.075899 100.432083 -0.913716 -0.063879 -0.401301 234.654846 0.000000 0.000000 0.000000 1.000000
-0.427405 -0.089582 0.899611 157.930679 -0.088533 0.994443 0.056963 100.709869 -0.899715 -0.055299 -0.432961 234.016739 0.000000 0.000000 0.000000 1.000000
-0.462558 -0.065932 0.884134 159.868103 -0.073196 0.996667 0.036029 100.935722 -0.883562 -0.048050 -0.465843 233.287430 0.000000 0.000000 0.000000 1.000000
-0.498874 -0.040162 0.865743 161.731873 -0.055290 0.998366 0.014455 101.114754 -0.864909 -0.040656 -0.500279 232.482483 0.000000 0.000000 0.000000 1.000000
-0.532819 -0.012636 0.846135 163.515350 -0.034626 0.999377 -0.006880 101.313896 -0.845521 -0.032964 -0.532924 231.604965 0.000000 0.000000 0.000000 1.000000
-0.560993 0.014252 0.827698 165.220108 -0.013881 0.999549 -0.026620 101.568161 -0.827704 -0.026423 -0.560542 230.646393 0.000000 0.000000 0.000000 1.000000
-0.583838 0.036835 0.811034 166.872101 0.003621 0.999078 -0.042769 101.849228 -0.811862 -0.022034 -0.583433 229.586349 0.000000 0.000000 0.000000 1.000000
-0.604427 0.052562 0.794925 168.514969 0.016214 0.998426 -0.053690 102.053085 -0.796496 -0.019562 -0.604328 228.399933 0.000000 0.000000 0.000000 1.000000
-0.624683 0.059627 0.778598 170.193970 0.021507 0.998016 -0.059175 102.149475 -0.780582 -0.020221 -0.624726 227.042801 0.000000 0.000000 0.000000 1.000000
-0.644288 0.059384 0.762474 171.957977 0.020199 0.997954 -0.060656 102.087387 -0.764516 -0.023679 -0.644169 225.472305 0.000000 0.000000 0.000000 1.000000
-0.662258 0.054718 0.747275 173.818665 0.014040 0.998061 -0.060639 101.850189 -0.749144 -0.029667 -0.661742 223.652740 0.000000 0.000000 0.000000 1.000000
-0.678309 0.049537 0.733105 175.740509 0.006620 0.998096 -0.061318 101.493973 -0.734747 -0.036740 -0.677345 221.565323 0.000000 0.000000 0.000000 1.000000
-0.692306 0.046453 0.720107 177.684570 0.001824 0.998035 -0.062628 101.110565 -0.721601 -0.042044 -0.691031 219.180038 0.000000 0.000000 0.000000 1.000000
-0.704570 0.045131 0.708198 179.615372 0.002149 0.998107 -0.061469 100.803917 -0.709631 -0.041787 -0.703333 216.485001 0.000000 0.000000 0.000000 1.000000
-0.716974 0.043173 0.695762 181.481201 0.007682 0.998509 -0.054042 100.680901 -0.697058 -0.033402 -0.716237 213.552155 0.000000 0.000000 0.000000 1.000000
-0.732056 0.038736 0.680143 183.225372 0.015784 0.999079 -0.039912 100.765152 -0.681062 -0.018482 -0.731992 210.540985 0.000000 0.000000 0.000000 1.000000
-0.750452 0.032101 0.660145 184.825104 0.022036 0.999480 -0.023551 100.924629 -0.660557 -0.003127 -0.750769 207.610352 0.000000 0.000000 0.000000 1.000000
-0.770447 0.025110 0.637009 186.295578 0.023644 0.999662 -0.010808 100.985268 -0.637066 0.006734 -0.770780 204.832993 0.000000 0.000000 0.000000 1.000000
-0.790265 0.018032 0.612499 187.660995 0.019971 0.999794 -0.003666 100.871689 -0.612439 0.009336 -0.790463 202.173386 0.000000 0.000000 0.000000 1.000000
-0.810222 0.010184 0.586035 188.915115 0.013154 0.999913 0.000809 100.680702 -0.585976 0.008364 -0.810285 199.574951 0.000000 0.000000 0.000000 1.000000
-0.831709 0.000951 0.555210 190.035233 0.005587 0.999962 0.006656 100.565338 -0.555183 0.008638 -0.831683 197.031738 0.000000 0.000000 0.000000 1.000000
-0.854885 -0.010384 0.518713 191.034760 -0.002785 0.999877 0.015426 100.604073 -0.518809 0.011743 -0.854809 194.576782 0.000000 0.000000 0.000000 1.000000
-0.878218 -0.024400 0.477637 191.982529 -0.013630 0.999569 0.026001 100.785355 -0.478065 0.016324 -0.878172 192.220474 0.000000 0.000000 0.000000 1.000000
-0.899935 -0.039935 0.434192 192.956192 -0.026943 0.998987 0.036039 101.057594 -0.435191 0.020735 -0.900099 189.917358 0.000000 0.000000 0.000000 1.000000
-0.918868 -0.053658 0.390898 193.971420 -0.040119 0.998281 0.042728 101.368408 -0.392519 0.023579 -0.919442 187.596039 0.000000 0.000000 0.000000 1.000000
-0.933977 -0.062539 0.351818 194.969482 -0.050341 0.997775 0.043723 101.670753 -0.353770 0.023125 -0.935047 185.215149 0.000000 0.000000 0.000000 1.000000
-0.944246 -0.066586 0.322439 195.887787 -0.056936 0.997605 0.039279 101.917244 -0.324282 0.018730 -0.945775 182.774307 0.000000 0.000000 0.000000 1.000000
-0.949669 -0.068522 0.305667 196.738434 -0.061312 0.997568 0.033139 102.074585 -0.307195 0.012730 -0.951561 180.268524 0.000000 0.000000 0.000000 1.000000
-0.951891 -0.070981 0.298103 197.601028 -0.064981 0.997435 0.030001 102.141457 -0.299468 0.009186 -0.954062 177.655685 0.000000 0.000000 0.000000 1.000000
-0.953644 -0.073461 0.291834 198.559738 -0.067171 0.997243 0.031530 102.096519 -0.293346 0.010465 -0.955949 174.867310 0.000000 0.000000 0.000000 1.000000
-0.956964 -0.073541 0.280735 199.636322 -0.066280 0.997177 0.035283 101.934708 -0.282538 0.015158 -0.959136 171.828079 0.000000 0.000000 0.000000 1.000000
-0.962420 -0.068978 0.262660 200.808640 -0.061149 0.997410 0.037875 101.611488 -0.264592 0.020391 -0.964145 168.434845 0.000000 0.000000 0.000000 1.000000
-0.969151 -0.062932 0.238296 202.021027 -0.055296 0.997724 0.038601 101.177574 -0.240183 0.024234 -0.970425 164.650085 0.000000 0.000000 0.000000 1.000000
-0.975673 -0.063702 0.209773 203.208923 -0.056691 0.997619 0.039273 100.813339 -0.211775 0.026426 -0.976961 160.599289 0.000000 0.000000 0.000000 1.000000
-0.980593 -0.076309 0.180594 204.329559 -0.069901 0.996686 0.041594 100.684021 -0.183170 0.028163 -0.982678 156.485992 0.000000 0.000000 0.000000 1.000000
-0.983286 -0.095906 0.154757 205.366425 -0.089804 0.994898 0.045964 100.799866 -0.158376 0.031298 -0.986883 152.476212 0.000000 0.000000 0.000000 1.000000
-0.984693 -0.111591 0.133895 206.321518 -0.105507 0.993072 0.051725 101.037155 -0.138739 0.036806 -0.989645 148.657364 0.000000 0.000000 0.000000 1.000000
-0.986405 -0.116294 0.116104 207.197464 -0.110294 0.992272 0.056853 101.233856 -0.121818 0.043275 -0.991609 145.049240 0.000000 0.000000 0.000000 1.000000
-0.988772 -0.112056 0.098864 207.973557 -0.106653 0.992582 0.058358 101.286789 -0.104670 0.047158 -0.993388 141.654846 0.000000 0.000000 0.000000 1.000000
-0.991014 -0.105266 0.082529 208.622711 -0.100990 0.993400 0.054388 101.211662 -0.087710 0.045565 -0.995103 138.463531 0.000000 0.000000 0.000000 1.000000
-0.992635 -0.098636 0.070326 209.146454 -0.095567 0.994371 0.045750 101.094780 -0.074443 0.038692 -0.996474 135.428864 0.000000 0.000000 0.000000 1.000000
-0.993842 -0.089634 0.065144 209.569748 -0.087500 0.995553 0.034911 101.002098 -0.067983 0.028996 -0.997265 132.490707 0.000000 0.000000 0.000000 1.000000
-0.994936 -0.074911 0.067016 209.920975 -0.073457 0.997012 0.023913 100.972214 -0.068608 0.018869 -0.997465 129.591064 0.000000 0.000000 0.000000 1.000000
-0.995811 -0.054018 0.073770 210.224442 -0.053165 0.998495 0.013483 101.049644 -0.074387 0.009505 -0.997184 126.668083 0.000000 0.000000 0.000000 1.000000
-0.996081 -0.029501 0.083386 210.491028 -0.029322 0.999564 0.003371 101.270462 -0.083449 0.000913 -0.996512 123.685631 0.000000 0.000000 0.000000 1.000000
-0.995463 -0.005439 0.094995 210.714600 -0.006118 0.999958 -0.006854 101.595825 -0.094953 -0.007404 -0.995454 120.661942 0.000000 0.000000 0.000000 1.000000
-0.994077 0.013921 0.107783 210.887833 0.012194 0.999787 -0.016664 101.876259 -0.107992 -0.015251 -0.994035 117.605881 0.000000 0.000000 0.000000 1.000000
-0.992399 0.026746 0.120123 211.014511 0.024001 0.999418 -0.024239 101.907570 -0.120701 -0.021171 -0.992463 114.445786 0.000000 0.000000 0.000000 1.000000
-0.990952 0.032537 0.130210 211.086975 0.029139 0.999185 -0.027915 101.650833 -0.131013 -0.023869 -0.991093 111.053596 0.000000 0.000000 0.000000 1.000000
-0.989835 0.035604 0.137695 211.093460 0.032071 0.999099 -0.027795 101.279266 -0.138561 -0.023096 -0.990085 107.366974 0.000000 0.000000 0.000000 1.000000
-0.988687 0.038372 0.145001 211.025558 0.035080 0.999067 -0.025196 100.980438 -0.145833 -0.019824 -0.989111 103.357048 0.000000 0.000000 0.000000 1.000000
-0.986981 0.041569 0.155371 210.903488 0.038861 0.999036 -0.020427 100.782486 -0.156070 -0.014123 -0.987645 99.001053 0.000000 0.000000 0.000000 1.000000
-0.984294 0.048893 0.169633 210.757233 0.047501 0.998796 -0.012253 100.662315 -0.170028 -0.004003 -0.985431 94.412376 0.000000 0.000000 0.000000 1.000000
-0.980640 0.063928 0.185092 210.609116 0.064977 0.997887 -0.000399 100.618073 -0.184727 0.011636 -0.982721 89.836182 0.000000 0.000000 0.000000 1.000000
-0.976803 0.082272 0.197705 210.483887 0.086497 0.996170 0.012814 100.579140 -0.195894 0.029617 -0.980178 85.469345 0.000000 0.000000 0.000000 1.000000
-0.974070 0.094562 0.205537 210.402771 0.101756 0.994503 0.024696 100.521240 -0.202072 0.044970 -0.978338 81.417343 0.000000 0.000000 0.000000 1.000000
-0.973199 0.094838 0.209499 210.378998 0.104454 0.993903 0.035296 100.522781 -0.204874 0.056233 -0.977172 77.672035 0.000000 0.000000 0.000000 1.000000
-0.974062 0.083749 0.210212 210.426971 0.095727 0.994276 0.047449 100.638245 -0.205035 0.066341 -0.976504 74.112137 0.000000 0.000000 0.000000 1.000000
-0.976175 0.066278 0.206613 210.561127 0.080877 0.994729 0.063026 100.838104 -0.201347 0.078235 -0.976391 70.630226 0.000000 0.000000 0.000000 1.000000
-0.979052 0.047552 0.197979 210.782379 0.064339 0.994777 0.079240 101.068100 -0.193177 0.090317 -0.976998 67.218216 0.000000 0.000000 0.000000 1.000000
-0.982225 0.030308 0.185245 211.070496 0.047694 0.994788 0.090126 101.307327 -0.181548 0.097359 -0.978551 63.896999 0.000000 0.000000 0.000000 1.000000
-0.985268 0.015323 0.170329 211.392700 0.031420 0.995244 0.092212 101.565414 -0.168106 0.096205 -0.981063 60.634972 0.000000 0.000000 0.000000 1.000000
-0.987852 0.002922 0.155369 211.719650 0.016777 0.995984 0.087943 101.829132 -0.154488 0.089481 -0.983934 57.372868 0.000000 0.000000 0.000000 1.000000
-0.989790 -0.006599 0.142379 212.039108 0.005290 0.996539 0.082962 102.036812 -0.142433 0.082868 -0.986329 54.078392 0.000000 0.000000 0.000000 1.000000
-0.991104 -0.013590 0.132395 212.364410 -0.002871 0.996724 0.080822 102.112289 -0.133059 0.079723 -0.987896 50.736790 0.000000 0.000000 0.000000 1.000000
-0.992047 -0.018845 0.124450 212.729477 -0.008749 0.996661 0.081185 102.005257 -0.125564 0.079451 -0.988899 47.299221 0.000000 0.000000 0.000000 1.000000
-0.993022 -0.022426 0.115774 213.164398 -0.012930 0.996538 0.082130 101.706787 -0.117215 0.080060 -0.989874 43.659904 0.000000 0.000000 0.000000 1.000000
-0.994310 -0.024403 0.103694 213.536850 -0.015819 0.996440 0.082811 101.259384 -0.105346 0.080700 -0.991156 39.706059 0.000000 0.000000 0.000000 1.000000
-0.995757 -0.027691 0.087758 213.903549 -0.020278 0.996236 0.084274 100.762886 -0.089761 0.082137 -0.992571 35.414070 0.000000 0.000000 0.000000 1.000000
-0.996814 -0.038405 0.069908 214.221146 -0.032155 0.995563 0.088430 100.336990 -0.072994 0.085900 -0.993626 30.899313 0.000000 0.000000 0.000000 1.000000
-0.996811 -0.060005 0.052612 214.465714 -0.054765 0.993879 0.095944 100.020020 -0.058047 0.092757 -0.993995 26.377934 0.000000 0.000000 0.000000 1.000000
-0.995396 -0.088263 0.037368 214.653961 -0.083933 0.990942 0.104828 99.804817 -0.046282 0.101209 -0.993788 22.076056 0.000000 0.000000 0.000000 1.000000
-0.993436 -0.111977 0.023366 214.843750 -0.108734 0.987845 0.111081 99.686890 -0.035520 0.107811 -0.993537 18.119030 0.000000 0.000000 0.000000 1.000000
-0.992418 -0.122610 0.008526 215.085770 -0.120917 0.986437 0.111003 99.693611 -0.022020 0.109131 -0.993783 14.519818 0.000000 0.000000 0.000000 1.000000
-0.992669 -0.120664 -0.007002 215.379288 -0.120738 0.987273 0.103506 99.795944 -0.005576 0.103592 -0.994604 11.210565 0.000000 0.000000 0.000000 1.000000
-0.993473 -0.112474 -0.018993 215.679611 -0.113738 0.989402 0.090259 99.892670 0.008640 0.091830 -0.995737 8.072028 0.000000 0.000000 0.000000 1.000000
-0.994440 -0.102875 -0.022485 215.939743 -0.104275 0.991788 0.074054 99.944092 0.014682 0.075987 -0.997001 4.985938 0.000000 0.000000 0.000000 1.000000
-0.995629 -0.091971 -0.016262 216.142838 -0.092762 0.994026 0.057515 100.029564 0.010875 0.058772 -0.998212 1.892012 0.000000 0.000000 0.000000 1.000000
-0.996983 -0.077595 -0.002125 216.300507 -0.077616 0.996077 0.042493 100.247025 -0.001181 0.042530 -0.999095 -1.200884 0.000000 0.000000 0.000000 1.000000
-0.998444 -0.055751 -0.000846 216.467911 -0.055748 0.997884 0.033447 100.516571 -0.001021 0.033442 -0.999440 -4.104420 0.000000 0.000000 0.000000 1.000000
-0.999353 -0.035976 -0.000001 216.647842 -0.035966 0.999064 0.024025 100.848732 -0.000863 0.024010 -0.999711 -6.958521 0.000000 0.000000 0.000000 1.000000
-0.999783 -0.020832 -0.000478 216.792206 -0.020837 0.999688 0.013788 101.186783 0.000191 0.013795 -0.999905 -9.802046 0.000000 0.000000 0.000000 1.000000
-0.999937 -0.010709 -0.003291 216.880005 -0.010719 0.999937 0.003258 101.444855 0.003256 0.003293 -0.999989 -12.708437 0.000000 0.000000 0.000000 1.000000
-0.999961 -0.004864 -0.007409 216.912491 -0.004819 0.999970 -0.006060 101.476379 0.007438 -0.006024 -0.999954 -15.800737 0.000000 0.000000 0.000000 1.000000
-0.999950 -0.001257 -0.009970 216.897614 -0.001130 0.999918 -0.012746 101.307671 0.009985 -0.012734 -0.999869 -19.180138 0.000000 0.000000 0.000000 1.000000
-0.999972 0.002419 -0.007054 216.837646 0.002533 0.999866 -0.016154 101.000664 0.007014 -0.016171 -0.999845 -22.882126 0.000000 0.000000 0.000000 1.000000
-0.999957 0.009021 0.002212 216.645386 0.008985 0.999830 -0.016077 100.709442 -0.002356 -0.016056 -0.999868 -26.869347 0.000000 0.000000 0.000000 1.000000
-0.999672 0.021676 0.013640 216.307175 0.021512 0.999695 -0.012112 100.599495 -0.013899 -0.011814 -0.999834 -31.049013 0.000000 0.000000 0.000000 1.000000
-0.998936 0.041197 0.020727 215.928177 0.041130 0.999147 -0.003631 100.701546 -0.020858 -0.002775 -0.999779 -35.275848 0.000000 0.000000 0.000000 1.000000
-0.997800 0.063160 0.020146 215.538010 0.063359 0.997947 0.009386 100.860687 -0.019512 0.010641 -0.999753 -39.375839 0.000000 0.000000 0.000000 1.000000
-0.996762 0.079166 0.014060 215.145706 0.079500 0.996521 0.025011 100.878098 -0.012031 0.026048 -0.999588 -43.219563 0.000000 0.000000 0.000000 1.000000
-0.996469 0.083716 0.006352 214.748413 0.083902 0.995696 0.039374 100.711685 -0.003028 0.039768 -0.999204 -46.759712 0.000000 0.000000 0.000000 1.000000
-0.996839 0.079407 -0.002576 214.365601 0.079183 0.995636 0.049391 100.498886 0.006487 0.049031 -0.998776 -49.997875 0.000000 0.000000 0.000000 1.000000
-0.997194 0.073129 -0.015998 214.047409 0.072138 0.995844 0.055599 100.392937 0.019998 0.054289 -0.998325 -52.981426 0.000000 0.000000 0.000000 1.000000
-0.997012 0.068355 -0.035978 213.834122 0.066068 0.995930 0.061314 100.429977 0.040022 0.058754 -0.997470 -55.808754 0.000000 0.000000 0.000000 1.000000
-0.996183 0.063059 -0.060352 213.721375 0.058891 0.995911 0.068506 100.568176 0.064425 0.064690 -0.995824 -58.580166 0.000000 0.000000 0.000000 1.000000
-0.994846 0.053940 -0.085859 213.674408 0.047522 0.996042 0.075111 100.777710 0.089571 0.070643 -0.993472 -61.335594 0.000000 0.000000 0.000000 1.000000
-0.992881 0.040764 -0.111914 213.667053 0.032202 0.996489 0.077283 101.043045 0.114672 0.073129 -0.990708 -64.054337 0.000000 0.000000 0.000000 1.000000
-0.989940 0.026449 -0.138995 213.694809 0.016303 0.997152 0.073632 101.323212 0.140547 0.070625 -0.987552 -66.715698 0.000000 0.000000 0.000000 1.000000
-0.986213 0.014140 -0.164876 213.756805 0.003182 0.997779 0.066533 101.558556 0.165451 0.065091 -0.984068 -69.345985 0.000000 0.000000 0.000000 1.000000
-0.982676 0.004678 -0.185274 213.842651 -0.006547 0.998181 0.059927 101.708961 0.185218 0.060101 -0.980858 -72.012756 0.000000 0.000000 0.000000 1.000000
-0.980094 -0.003436 -0.198506 213.939743 -0.014895 0.998305 0.056263 101.728836 0.197976 0.058099 -0.978483 -74.800194 0.000000 0.000000 0.000000 1.000000
-0.978024 -0.008742 -0.208309 214.043701 -0.020665 0.998265 0.055130 101.522850 0.207465 0.058223 -0.976508 -77.854355 0.000000 0.000000 0.000000 1.000000
-0.975506 -0.010343 -0.219727 214.124191 -0.022940 0.998231 0.054856 101.113663 0.218771 0.058553 -0.974018 -81.292694 0.000000 0.000000 0.000000 1.000000
-0.971911 -0.009368 -0.235163 214.147247 -0.023068 0.998188 0.055577 100.628471 0.234216 0.059440 -0.970366 -85.101593 0.000000 0.000000 0.000000 1.000000
-0.967353 -0.011849 -0.253154 214.103668 -0.027800 0.997840 0.059524 100.303497 0.251902 0.064619 -0.965593 -89.111420 0.000000 0.000000 0.000000 1.000000
-0.962289 -0.024418 -0.270931 214.007401 -0.044233 0.996754 0.067272 100.276283 0.268409 0.076719 -0.960245 -93.123451 0.000000 0.000000 0.000000 1.000000
-0.957044 -0.046502 -0.286188 213.871078 -0.070820 0.994649 0.075213 100.453346 0.281159 0.092250 -0.955217 -96.982368 0.000000 0.000000 0.000000 1.000000
-0.952251 -0.069169 -0.297379 213.703964 -0.096449 0.992273 0.078045 100.637589 0.289683 0.103000 -0.951564 -100.582001 0.000000 0.000000 0.000000 1.000000
-0.949009 -0.083115 -0.304094 213.514755 -0.110280 0.991198 0.073244 100.738869 0.295330 0.103045 -0.949822 -103.871292 0.000000 0.000000 0.000000 1.000000
-0.947785 -0.086666 -0.306909 213.300751 -0.111100 0.991809 0.063025 100.797882 0.298933 0.093832 -0.949650 -106.849411 0.000000 0.000000 0.000000 1.000000
-0.948096 -0.084769 -0.306477 213.037292 -0.105636 0.993038 0.052120 100.861328 0.299925 0.081789 -0.950450 -109.564232 0.000000 0.000000 0.000000 1.000000
-0.949382 -0.081848 -0.303272 212.696457 -0.099481 0.994104 0.043127 100.929550 0.297955 0.071114 -0.951927 -112.110649 0.000000 0.000000 0.000000 1.000000
-0.951362 -0.077574 -0.298150 212.281693 -0.092011 0.995154 0.034671 101.013214 0.294016 0.060418 -0.953889 -114.596771 0.000000 0.000000 0.000000 1.000000
-0.953823 -0.069039 -0.292328 211.832230 -0.079770 0.996501 0.024935 101.177544 0.289583 0.047102 -0.955993 -117.087303 0.000000 0.000000 0.000000 1.000000
-0.956439 -0.055498 -0.286609 211.380920 -0.062438 0.997934 0.015126 101.490669 0.285177 0.032362 -0.957928 -119.577194 0.000000 0.000000 0.000000 1.000000
-0.958788 -0.040361 -0.281242 210.915909 -0.044261 0.998992 0.007526 101.940384 0.280654 0.019664 -0.959607 -122.024673 0.000000 0.000000 0.000000 1.000000
-0.960450 -0.028751 -0.276962 210.396484 -0.030391 0.999537 0.001628 102.409821 0.276787 0.009981 -0.960879 -124.414566 0.000000 0.000000 0.000000 1.000000
-0.960964 -0.023728 -0.275653 209.795547 -0.023102 0.999718 -0.005520 102.739159 0.275706 0.001064 -0.961241 -126.789490 0.000000 0.000000 0.000000 1.000000
-0.959873 -0.024941 -0.279323 209.108429 -0.021403 0.999648 -0.015709 102.822891 0.279617 -0.009100 -0.960069 -129.232788 0.000000 0.000000 0.000000 1.000000
-0.956997 -0.030219 -0.288520 208.326736 -0.023132 0.999342 -0.027941 102.663040 0.289175 -0.020065 -0.957066 -131.822662 0.000000 0.000000 0.000000 1.000000
